filename,label
aaapwqhxli.mp4,0.24761460721492767
aabqcugcpc.mp4,0.11865692585706711
aabyjxwqyo.mp4,0.9833551645278931
aacehwwzol.mp4,0.8396045565605164
aacmrrcpmr.mp4,0.9805746078491211
aacweweyzz.mp4,0.8190258741378784
aadvqhdtxl.mp4,0.9843082427978516
aaeflzzhvy.mp4,0.9892464280128479
aaeucwtkdx.mp4,0.9849753379821777
aaferzprat.mp4,0.4463753402233124
aafuphyhpt.mp4,0.9839878678321838
aaghqpewzx.mp4,0.9839805960655212
aagsmskgyw.mp4,0.9269822239875793
aagundkpoh.mp4,0.9752918481826782
aahkgsltxw.mp4,0.960195779800415
aahzjreawd.mp4,0.9899889230728149
aaiqsitvnd.mp4,0.9892977476119995
aaivbtdyjn.mp4,0.17037850618362427
aaixesxaoj.mp4,0.9674308896064758
aajnpdqnlz.mp4,0.3855791985988617
aakjdfqwnu.mp4,0.9582877159118652
aakjukgjme.mp4,0.820192277431488
aakkhbgnjp.mp4,0.8239502906799316
aakzzdrumy.mp4,0.8913896679878235
aalhdlexwx.mp4,0.7221575975418091
aalkxecnzm.mp4,0.7406390309333801
aamjfukxwp.mp4,0.32349711656570435
aamvplpjbw.mp4,0.9897735118865967
aaonlmxhne.mp4,0.9897491931915283
aarrrzwibf.mp4,0.9604008197784424
aarsgjbafv.mp4,0.8714807033538818
aaszqdbdtk.mp4,0.6722322106361389
aatgqvvrta.mp4,0.9850285649299622
aatstfrpio.mp4,0.9847376346588135
aattrykxcr.mp4,0.9484890103340149
aavnkpdeaw.mp4,0.8803431987762451
aavuzodiub.mp4,0.8385109901428223
aavvshwqnn.mp4,0.9699207544326782
aawddjkkoz.mp4,0.26903435587882996
aawkmrlilr.mp4,0.9302302598953247
aawvkuxypy.mp4,0.9376606941223145
aaxrduwhbi.mp4,0.9591630101203918
aayuqaacef.mp4,0.9546709656715393
aayyqrkmow.mp4,0.8713515996932983
aazbmyxkzg.mp4,0.9668266177177429
aazkzzkbns.mp4,0.9844771027565002
aazsugjvjk.mp4,0.9888401031494141
abacmovtxb.mp4,0.9798398613929749
abbhzhtjru.mp4,0.9309837222099304
abbniyapop.mp4,0.9683470129966736
abcrqrbwih.mp4,0.37581706047058105
abcwetphux.mp4,0.8734939694404602
abdgairkrk.mp4,0.8748692274093628
abdqmdklio.mp4,0.9699304699897766
abepvlivgr.mp4,0.15179282426834106
abevkjwulb.mp4,0.9818816184997559
abfnyenqdw.mp4,0.754500150680542
abfwqxqcim.mp4,0.960259735584259
abganitbvj.mp4,0.8119980692863464
abgmiyhtth.mp4,0.9834994673728943
abgrdkbhch.mp4,0.9862685799598694
abgzebtpyw.mp4,0.9900000691413879
abhdaoikio.mp4,0.9889469146728516
abhlupreiy.mp4,0.9896372556686401
abhssqzhxu.mp4,0.5869088768959045
abhzleejiv.mp4,0.4597877860069275
abiihwztdo.mp4,0.16185003519058228
abiyemtwhw.mp4,0.9707390069961548
abjeigrfib.mp4,0.9771692752838135
abjhsmfczh.mp4,0.988394021987915
abjkxgezpu.mp4,0.9688612222671509
abjqjcvhwe.mp4,0.2605510354042053
abjsiiiydj.mp4,0.9592480659484863
abkclntljz.mp4,0.18990853428840637
abkepzubca.mp4,0.9686667323112488
abkjuustxy.mp4,0.9328761100769043
abkxlatant.mp4,0.9854586124420166
abkyekgdzs.mp4,0.7489699721336365
abmcjolywn.mp4,0.28248903155326843
abmdetdeok.mp4,0.9885790944099426
abnxwtqpya.mp4,0.8424482941627502
abpanedvow.mp4,0.15738044679164886
abqqjjoabz.mp4,0.9224365949630737
abrfkdizen.mp4,0.27808329463005066
abrzoxzceh.mp4,0.948763906955719
absbzgzmsf.mp4,0.9892647862434387
abshlmrtvt.mp4,0.32988235354423523
absujvyrdm.mp4,0.08358026295900345
abteztchqz.mp4,0.9628462195396423
abtrcaikve.mp4,0.32642748951911926
abtwfjsdra.mp4,0.9640935659408569
abvbbhojqz.mp4,0.9372485280036926
abvpqidzxi.mp4,0.2590916156768799
abwadcxlmj.mp4,0.8388324975967407
abwijcvcbe.mp4,0.9895524382591248
abwlafapkf.mp4,0.9511876702308655
abwvxlfyvh.mp4,0.8591732978820801
abxqxkuktx.mp4,0.9351176619529724
abxxxaobry.mp4,0.9768277406692505
abydcbpvfl.mp4,0.9453971982002258
abyewytpxo.mp4,0.9869242310523987
abzdscofnz.mp4,0.9503811001777649
abzkaeazro.mp4,0.9525234699249268
abzkauwmbl.mp4,0.09030105173587799
acanmekatk.mp4,0.9818468689918518
acbkbblbaj.mp4,0.3538913130760193
acbnunfplf.mp4,0.975593626499176
acboheogok.mp4,0.9408606290817261
acbztojjhi.mp4,0.8439105749130249
accfrqkrni.mp4,0.9900000095367432
acckjqyxad.mp4,0.920544445514679
accnrseufh.mp4,0.08558448404073715
acdichcibo.mp4,0.11247749626636505
acdinqwqvn.mp4,0.5897173285484314
acdsdxwpcv.mp4,0.18199165165424347
acdzvbtfpo.mp4,0.6372735500335693
acekdubprv.mp4,0.9566519856452942
acekgkqgdg.mp4,0.9389433264732361
acekqocukw.mp4,0.9884979724884033
acerazhyvo.mp4,0.9795988202095032
acesusftoa.mp4,0.8832530975341797
acfaxepklq.mp4,0.443060964345932
acfontkfbh.mp4,0.13759095966815948
acfwxwjowu.mp4,0.9900000095367432
acgdmcpqoe.mp4,0.29638591408729553
acgnyiipuz.mp4,0.9837549328804016
acgwaylwzk.mp4,0.31316232681274414
acgyspwyqr.mp4,0.9898926019668579
achejkrwas.mp4,0.9899999499320984
achekamhkd.mp4,0.5174218416213989
acirmhvmqj.mp4,0.6595792174339294
aciukwyoli.mp4,0.6415358185768127
aciymzujzb.mp4,0.9856081008911133
acjwdlpzob.mp4,0.5739754438400269
acjwolqjgw.mp4,0.967674732208252
acjxjweexj.mp4,0.9900000691413879
acldlsznmw.mp4,0.284359335899353
acledardkp.mp4,0.8674049973487854
aclrropsvm.mp4,0.7308656573295593
acmclypsqv.mp4,0.5
acnneviedl.mp4,0.11621683090925217
acnxphmsks.mp4,0.8432632088661194
acojangjjl.mp4,0.9647516012191772
acokjaojew.mp4,0.10161015391349792
acolsfrwgj.mp4,0.16535305976867676
acovzzymlu.mp4,0.9900000691413879
acpdtcpguj.mp4,0.9862532019615173
acqawykwfs.mp4,0.9683986306190491
acqpwmuogz.mp4,0.9847367405891418
acquouyxco.mp4,0.9309979677200317
acrlghmrkp.mp4,0.15374284982681274
acsgqmpdez.mp4,0.9900000095367432
actjhhywdl.mp4,0.7627855539321899
acubjjdopy.mp4,0.13573865592479706
acvfwpmvrw.mp4,0.9829846620559692
acvmhbulie.mp4,0.5825089812278748
acvsdjaqqq.mp4,0.909982442855835
acwbuvznwf.mp4,0.9781372547149658
acwctvmnlq.mp4,0.09127917885780334
acwegmlcgs.mp4,0.8254233598709106
acwgeumyoy.mp4,0.6110389232635498
acwrjqrixb.mp4,0.9875003099441528
acwyzobqer.mp4,0.9852591156959534
acxullwnzh.mp4,0.39525744318962097
acyjzyuamp.mp4,0.14378508925437927
acyvqflqkv.mp4,0.08805738389492035
acyybfjpmd.mp4,0.97614985704422
aczlzylqpq.mp4,0.8999584913253784
adalaxvwfv.mp4,0.9841465950012207
adamtvkcrt.mp4,0.8899251222610474
adaodkocvq.mp4,0.16499866545200348
adblmfjbta.mp4,0.7547501921653748
adbseuwqjt.mp4,0.9673557877540588
adcejihrnp.mp4,0.3986595869064331
adcomakgmc.mp4,0.5062884092330933
adcxgttehe.mp4,0.2927156388759613
addewzbsic.mp4,0.6174331903457642
addmkzupjn.mp4,0.9776696562767029
addsdoqtzo.mp4,0.9556002616882324
adetbwujux.mp4,0.9899998903274536
adfufsvmcl.mp4,0.9881958365440369
adfzvplbky.mp4,0.9899999499320984
adgpcfwhtf.mp4,0.9884949326515198
adgybhytzs.mp4,0.9346156120300293
adhmuoxxhp.mp4,0.9781032800674438
adjeohbzmp.mp4,0.9883794188499451
adjwiqxrfp.mp4,0.8671802282333374
adkbiscuoo.mp4,0.14993351697921753
adkmserist.mp4,0.30781039595603943
adkvpprwcz.mp4,0.8683900833129883
adlbyccevz.mp4,0.9453555941581726
adlrcdmybm.mp4,0.29220566153526306
adltvboxxd.mp4,0.9242908358573914
adnlomirjs.mp4,0.8930321335792542
adovxmilsk.mp4,0.9419974088668823
adplentlpv.mp4,0.9826021194458008
adprkekziz.mp4,0.9420188665390015
adqgbsyomi.mp4,0.11559735238552094
adqirczghu.mp4,0.9899999499320984
adrcjenxlz.mp4,0.32094794511795044
adrkthanlb.mp4,0.8904044032096863
adrqlckutl.mp4,0.9900000691413879
adrxofhuxi.mp4,0.7739577293395996
adsxwxeibr.mp4,0.9883161783218384
adtavmdgvg.mp4,0.20657619833946228
adtftvevja.mp4,0.9899927377700806
advhlnfwag.mp4,0.9891785979270935
advyjmiozx.mp4,0.9466444253921509
adwujlygpp.mp4,0.2796795070171356
adxeuzvvzb.mp4,0.12420162558555603
adxkyxkepg.mp4,0.8656818866729736
adyhhmmvxb.mp4,0.978387176990509
adyiotxxxu.mp4,0.9110579490661621
adylsrnsan.mp4,0.743370532989502
adzpdfkzaj.mp4,0.5832447409629822
aebhowazav.mp4,0.940229594707489
aebkhtsigw.mp4,0.16124829649925232
aebrgxdalw.mp4,0.9900000095367432
aebybbzzdp.mp4,0.8868544101715088
aectxtnhws.mp4,0.4402144253253937
aecunwnmcw.mp4,0.07815789431333542
aedcdpbyhq.mp4,0.851893424987793
aednqykqfh.mp4,0.9900000095367432
aeeesixhlh.mp4,0.9824196696281433
aeejycxkwb.mp4,0.9900000095367432
aeepmwyhkk.mp4,0.9896823167800903
aefjjvlmfe.mp4,0.9634559750556946
aefpqqxvbe.mp4,0.9304969906806946
aefxispfct.mp4,0.9718934297561646
aegeiboeus.mp4,0.5890017151832581
aegmpmgpje.mp4,0.9871675968170166
aeiagzdnun.mp4,0.8937578797340393
aeicdssqro.mp4,0.9548007845878601
aejqcnyktk.mp4,0.9748706817626953
aejtmxrtxs.mp4,0.9103707075119019
aekosfipob.mp4,0.9879516363143921
aekrohihxa.mp4,0.6998633146286011
aelegvxesy.mp4,0.9898311495780945
aemfpfwron.mp4,0.980873703956604
aenbgyszpv.mp4,0.3306836485862732
aendggysgf.mp4,0.9856574535369873
aenfqtmksu.mp4,0.9565392136573792
aenrudespm.mp4,0.9640578627586365
aeolxtsnfc.mp4,0.3410998582839966
aeoxlkxmyj.mp4,0.13097725808620453
aepixllcqi.mp4,0.8570568561553955
aeplbqxnge.mp4,0.918390154838562
aeqslfyyih.mp4,0.9500783085823059
aerabkktdg.mp4,0.9816105365753174
aerpisvqwx.mp4,0.9806843996047974
aetpnobkcv.mp4,0.9880039095878601
aeujbvkafe.mp4,0.981966495513916
aevbmlbayq.mp4,0.22087395191192627
aeviyhvand.mp4,0.9597644209861755
aevpdbbxoh.mp4,0.7938304543495178
aevqxxxhno.mp4,0.9824998378753662
aevxvajusj.mp4,0.8756818175315857
aewaxxdbjk.mp4,0.8850966095924377
aewkzkqmqj.mp4,0.6952366828918457
aexkdsocpo.mp4,0.7373213768005371
aexrhjvlfa.mp4,0.7885287404060364
aeydtyokjq.mp4,0.9878615736961365
aeyvvhevxe.mp4,0.36493155360221863
aeziwslgvt.mp4,0.9603947997093201
aezndieatk.mp4,0.5443180799484253
aezujunliw.mp4,0.9848401546478271
aezyoffjsd.mp4,0.9641697406768799
aezyquwuci.mp4,0.9876071214675903
afadqgujvi.mp4,0.9642773270606995
afaduxukbd.mp4,0.15368911623954773
afakjxsove.mp4,0.9155037999153137
afatmolcby.mp4,0.9856579899787903
afaxsgqksm.mp4,0.9248404502868652
afbscszraw.mp4,0.9786521792411804
afbxszoeml.mp4,0.7416711449623108
afchfngwuj.mp4,0.1194579228758812
afcldghkid.mp4,0.7985758185386658
afcwvndury.mp4,0.3407975435256958
afemctlakq.mp4,0.989364743232727
afeqcmrcww.mp4,0.9784670472145081
afetvyxndy.mp4,0.9278848171234131
affymoposl.mp4,0.7934457659721375
afgmszwvvg.mp4,0.9700230956077576
afhbouinds.mp4,0.9777814149856567
aficsrypiz.mp4,0.9900001287460327
afigzzlags.mp4,0.9435009956359863
afixxjdxef.mp4,0.913098931312561
afjiqyggtd.mp4,0.883283793926239
afkufwvefm.mp4,0.9899999499320984
aflonsoyfh.mp4,0.9836630821228027
aflspexpuy.mp4,0.9899469017982483
afmopoanwn.mp4,0.9850277304649353
afnkxiexxj.mp4,0.9696018099784851
afnzlmwxjr.mp4,0.9826061129570007
afolgdwiix.mp4,0.5112756490707397
afoqnvmfza.mp4,0.9879499673843384
afpjojmsxq.mp4,0.9875342845916748
afplylzzji.mp4,0.9897903800010681
afpqokzmev.mp4,0.5396199226379395
afqatecrhd.mp4,0.8512541055679321
afqaubpglg.mp4,0.9605263471603394
afrdmyapxj.mp4,0.9822951555252075
afrwahmczi.mp4,0.9872210621833801
afslhsyvcg.mp4,0.9750614762306213
afttgbsiqt.mp4,0.9761551022529602
afuskeckyt.mp4,0.13138628005981445
afuvfbnutt.mp4,0.9557425379753113
afvbadakux.mp4,0.9897151589393616
afvbnsjcyu.mp4,0.8450300693511963
afvlrevses.mp4,0.9829001426696777
afwakzqdin.mp4,0.9560160040855408
afwnbrjjpz.mp4,0.44116854667663574
afwxvdwyuc.mp4,0.901485025882721
afxuuxmywr.mp4,0.978026270866394
afynesbqqg.mp4,0.9628539681434631
afyywbpmoh.mp4,0.868668794631958
afzahsqjgi.mp4,0.9867337942123413
afztrudtkd.mp4,0.9878891110420227
agapxbbgnu.mp4,0.9699673056602478
agaqxbgman.mp4,0.2564575672149658
agayctninz.mp4,0.9514325857162476
agbcymftvq.mp4,0.9636340141296387
agblhurdrh.mp4,0.9899411201477051
agbpetxkrk.mp4,0.9597970843315125
agcdaizeff.mp4,0.9685976505279541
agcmwyvauk.mp4,0.18034379184246063
agcoyyzeju.mp4,0.1151798740029335
agdevdgwsm.mp4,0.6197502017021179
agdgtimgdl.mp4,0.9538343548774719
ageronljbq.mp4,0.9894571304321289
agfivzlsgp.mp4,0.8875452280044556
agfwadzxld.mp4,0.9813628196716309
agfyfocump.mp4,0.749864399433136
agfzapmdwv.mp4,0.48492512106895447
aggbmxhrgs.mp4,0.056514278054237366
aggiycwmvz.mp4,0.5979424715042114
aggpkjygfy.mp4,0.9847404956817627
aghcwdjoye.mp4,0.9809815883636475
aghjtpfofw.mp4,0.9877853393554688
aghqistaok.mp4,0.9740890860557556
agigxglzjk.mp4,0.9286893010139465
agiwssahrz.mp4,0.9403143525123596
agklhwhjog.mp4,0.8626176714897156
agkpbfcpiv.mp4,0.9894793629646301
agktbbxwla.mp4,0.9858782291412354
agkvcuntqw.mp4,0.7740792036056519
aglqdsqmim.mp4,0.8370632529258728
agmnmsiywb.mp4,0.9501519799232483
agnvcwmsli.mp4,0.0696803629398346
agomxvsluh.mp4,0.6767155528068542
agplobkyci.mp4,0.14133666455745697
agpvkgrgyj.mp4,0.853542685508728
agraudgvee.mp4,0.739704966545105
agrdrmjtrq.mp4,0.4977322518825531
agscxjuzvp.mp4,0.9889313578605652
agsjaljtfp.mp4,0.9473775625228882
agsotutjdj.mp4,0.8840631246566772
agsvesfhlc.mp4,0.9651859402656555
agswjtuhss.mp4,0.2599767744541168
agswocdgzj.mp4,0.9671452641487122
agtxxhgqyw.mp4,0.609795868396759
aguwbmeuzu.mp4,0.2354281097650528
aguxpzvexp.mp4,0.9893428087234497
agvggvwpgw.mp4,0.9200739860534668
agvncgirex.mp4,0.6901935338973999
agvqqmsyvo.mp4,0.9791962504386902
agwbtwcwwq.mp4,0.9837313294410706
agwonnvtov.mp4,0.9771380424499512
agwrmbdcom.mp4,0.34584513306617737
agyawnxlmv.mp4,0.8038290739059448
agycsxhdjp.mp4,0.7689483761787415
agyozdhdga.mp4,0.06267989426851273
agyrefuzye.mp4,0.9830702543258667
agzkdngoop.mp4,0.9899999499320984
agzpasxmwv.mp4,0.9757422208786011
ahalqtfixi.mp4,0.9498942494392395
ahanoygyei.mp4,0.07735997438430786
ahbdzvywry.mp4,0.743192732334137
ahbfnhuner.mp4,0.8033053278923035
ahbrmguujk.mp4,0.9452111721038818
ahccdihrje.mp4,0.8910210728645325
ahcptgydid.mp4,0.9195976257324219
ahdegpidyf.mp4,0.26049163937568665
ahencqpiin.mp4,0.864309549331665
ahepenxrrd.mp4,0.9782930016517639
ahfndeqsed.mp4,0.9697598218917847
ahfpwhmsok.mp4,0.988403856754303
ahfqnhrmbd.mp4,0.9881324172019958
ahfvmgltlg.mp4,0.9837749004364014
ahhjoedhbf.mp4,0.8306724429130554
ahhvwmilvv.mp4,0.8380141258239746
ahihejgaoi.mp4,0.9897400736808777
ahjankljtz.mp4,0.9577584266662598
ahjeixrwwo.mp4,0.9645064473152161
ahjgsdsldx.mp4,0.8872698545455933
ahkbgzabfg.mp4,0.9261492490768433
ahkcchuwqq.mp4,0.9893966317176819
ahlkrjkpvd.mp4,0.9892686605453491
ahnbazrjlj.mp4,0.9689615368843079
ahnhwpxegb.mp4,0.8621159791946411
ahnsqjtrce.mp4,0.9841766357421875
ahoqopgaey.mp4,0.9900000095367432
ahorlqgstq.mp4,0.15885025262832642
ahoyonpatk.mp4,0.9899410009384155
ahpaydsovz.mp4,0.9884529709815979
ahpnrwwibe.mp4,0.08404218405485153
ahpomwuuqc.mp4,0.9194064736366272
ahqausishe.mp4,0.9860559701919556
ahqoyfwmbj.mp4,0.9899469614028931
ahqwgdsqjn.mp4,0.09930811077356339
ahrroblasu.mp4,0.9312357306480408
ahtaeeesuo.mp4,0.2150644212961197
ahtkuwkjvc.mp4,0.9860467910766602
ahtrvxiaky.mp4,0.9425249695777893
ahujkugdci.mp4,0.9127089977264404
ahvatznenl.mp4,0.8993719816207886
ahvnjazgls.mp4,0.9540719389915466
ahvroxnbbr.mp4,0.9761115908622742
ahwyeumiuv.mp4,0.8901270627975464
ahxmhugdvi.mp4,0.9763928055763245
ahycbdxsmi.mp4,0.16608689725399017
ahyopyzjnc.mp4,0.9495820999145508
ahzfqirfkx.mp4,0.09781797975301743
ahzuhugjto.mp4,0.11964423209428787
aiaplmnzaz.mp4,0.7038500308990479
aiaxrvlchq.mp4,0.8778376579284668
aiaxyavqce.mp4,0.9559187293052673
aibcynuhkv.mp4,0.8455292582511902
aibxtmpppt.mp4,0.9530353546142578
aibyxmwvfw.mp4,0.977411687374115
aifkdzbaoh.mp4,0.8171462416648865
aifuqnayux.mp4,0.18744924664497375
aigfuneurk.mp4,0.400582492351532
aigncbayvh.mp4,0.987821102142334
aigufxcoyu.mp4,0.9732303023338318
aigvwkmsmp.mp4,0.8394238352775574
aihnytdica.mp4,0.34712672233581543
aiibawuqtp.mp4,0.5617786645889282
aiihfyykkb.mp4,0.7374159097671509
aiiqqfaihm.mp4,0.989693820476532
aijdqpqexk.mp4,0.9900000095367432
aijegkeygj.mp4,0.9675644040107727
aijmlfesyw.mp4,0.430914044380188
aijxucsclo.mp4,0.39544469118118286
aikcsvtwxj.mp4,0.07771369814872742
aildcyhkso.mp4,0.8995193243026733
ailhqhhqtl.mp4,0.9898239374160767
aimsrnwtvo.mp4,0.2887064218521118
aimvdfybka.mp4,0.9892648458480835
ainwxnaqlo.mp4,0.8916378617286682
aiovfueakc.mp4,0.30274152755737305
aipyyuyypd.mp4,0.8775971531867981
aiqilfmklp.mp4,0.9711254835128784
aiqjrdcrzi.mp4,0.6469787359237671
airktntzqp.mp4,0.9516124725341797
airnsbszvn.mp4,0.9735948443412781
aisjmesfqi.mp4,0.9731571078300476
aithjjsyax.mp4,0.8593044877052307
aitoysnomk.mp4,0.1851428598165512
aiucrzbces.mp4,0.963268518447876
aiuydkbjok.mp4,0.9881015419960022
aivslmwqcd.mp4,0.9510247707366943
aiyicetcoo.mp4,0.7959878444671631
aizcowqwmg.mp4,0.9899999499320984
aizdhhesnq.mp4,0.9304665327072144
aizythrjcu.mp4,0.9486815929412842
ajajvcjnlm.mp4,0.9469849467277527
ajbfsfwphp.mp4,0.9597433805465698
ajbmmkwnzf.mp4,0.36590248346328735
ajbtpylnqr.mp4,0.9894260168075562
ajbxbxcrdo.mp4,0.6955400109291077
ajcxyezjol.mp4,0.9899999499320984
ajflstmejh.mp4,0.9604873657226562
ajgilbyczx.mp4,0.9177237749099731
ajhezglysr.mp4,0.9680407643318176
ajhmvnssbb.mp4,0.1551140546798706
ajicammobe.mp4,0.8778246641159058
ajiljtvzao.mp4,0.4631340205669403
ajintjubct.mp4,0.9895171523094177
ajjnueuzlr.mp4,0.9899119734764099
ajkdcjnonp.mp4,0.20465685427188873
ajkfvjrqkh.mp4,0.98978590965271
ajkrquvpzn.mp4,0.986304521560669
ajmmfbufil.mp4,0.7532020211219788
ajmrksuirh.mp4,0.9625295996665955
ajmvszeaho.mp4,0.972283661365509
ajmzpbtjqg.mp4,0.8688614368438721
ajnbiohajd.mp4,0.9819546341896057
ajnchhutru.mp4,0.9864864349365234
ajnzuiktuo.mp4,0.9867709875106812
ajoqxfuxhi.mp4,0.5931856036186218
ajplbzrmld.mp4,0.3149871528148651
ajpzditips.mp4,0.9895303845405579
ajtbogddxv.mp4,0.9628208875656128
ajtgkeqmiz.mp4,0.8696988821029663
ajtuiopeww.mp4,0.9867351055145264
ajuczobjuj.mp4,0.9711986780166626
ajuqldphwa.mp4,0.1946708858013153
ajwbewcmwi.mp4,0.9222357869148254
ajwegzsjwr.mp4,0.9491062164306641
ajwfztlkxy.mp4,0.9494569301605225
ajwiijfltt.mp4,0.9881105422973633
ajwqejboet.mp4,0.9900001287460327
ajwydwvzvb.mp4,0.9460456967353821
ajxfwvzifj.mp4,0.9880707859992981
ajxkpwjgsy.mp4,0.9839470386505127
ajxkvlpgov.mp4,0.9762610793113708
ajxmlhcsqa.mp4,0.9732363820075989
ajxmoyqvmj.mp4,0.8970701694488525
ajxuotftix.mp4,0.8180125951766968
ajxzupgmgo.mp4,0.8734385967254639
ajyexgaimz.mp4,0.9707504510879517
ajygfujjfi.mp4,0.9899998307228088
ajzzikvfrj.mp4,0.9863842725753784
akaaoybeeq.mp4,0.9750506281852722
akaqyxcfep.mp4,0.9282278418540955
akaxdmtnod.mp4,0.9798268675804138
akbkrvrvbs.mp4,0.9768484234809875
akbqkjuopj.mp4,0.43725067377090454
akcebajhgd.mp4,0.921044111251831
akcjgnmrfr.mp4,0.9894827604293823
akcnpwdjjk.mp4,0.9893856048583984
akddowubef.mp4,0.32105907797813416
akdqrdkelr.mp4,0.9899999499320984
akdvkdoyoh.mp4,0.28310155868530273
akfostnsgl.mp4,0.6179963946342468
akfzfrevcc.mp4,0.9852393269538879
akgyyniqoz.mp4,0.9668157696723938
akhfhjgnnv.mp4,0.4048249423503876
akhpyauffl.mp4,0.9888505935668945
akhzndtglc.mp4,0.9795300364494324
akjimeoiox.mp4,0.9677360653877258
akjumsnpsh.mp4,0.9896589517593384
akknskjakh.mp4,0.9899999499320984
aklaysonru.mp4,0.9848520755767822
akmcyevhhf.mp4,0.9029445052146912
akmkcxguii.mp4,0.11286935210227966
akmteetttx.mp4,0.8987704515457153
aknblktwhg.mp4,0.9899998307228088
aknrpivxgd.mp4,0.9643561244010925
aknynjmtzb.mp4,0.9896368384361267
akpbyalynb.mp4,0.9213093519210815
akphckavlg.mp4,0.9643672704696655
akrabxcbds.mp4,0.6371557712554932
aksipjcmaq.mp4,0.929561197757721
aktakhpugu.mp4,0.9181661009788513
aktdcwdclx.mp4,0.22949111461639404
aktgcyeqeo.mp4,0.10721014440059662
akulaikjcg.mp4,0.9872345328330994
akulddirwt.mp4,0.952373743057251
akupygwxyv.mp4,0.9867903590202332
akvcrttvvo.mp4,0.11025761067867279
akvcvafqwk.mp4,0.47544270753860474
akverwmrdo.mp4,0.9737403392791748
akviyudhhp.mp4,0.7680121660232544
akvmwrdseh.mp4,0.2811598479747772
akwjimvvzy.mp4,0.9813177585601807
akxtsuinpj.mp4,0.15386930108070374
akxztlfsks.mp4,0.9621197581291199
akyhfvfflu.mp4,0.9512086510658264
akyjotmrcu.mp4,0.6601886749267578
akyuzdjjvj.mp4,0.9900000691413879
akzctljlag.mp4,0.9817424416542053
alaqopxmhw.mp4,0.8852778077125549
alaxwpwdyb.mp4,0.8197479844093323
albmkgvkhm.mp4,0.9871916770935059
alceyaduzi.mp4,0.9881002306938171
alclpnubdd.mp4,0.9592324495315552
alddoocxqo.mp4,0.8222856521606445
aldnupmnka.mp4,0.8960033655166626
aldxnorbdp.mp4,0.7362610101699829
aledotxnmz.mp4,0.9492580890655518
aleiiisdzv.mp4,0.7945542931556702
alevzwjovd.mp4,0.9854974746704102
aleynhequh.mp4,0.8629170060157776
alezaywuxv.mp4,0.8818280696868896
alfoimlaul.mp4,0.9271461963653564
algcxuxkge.mp4,0.850058376789093
algkqmxdkj.mp4,0.9883041381835938
alidbnaydf.mp4,0.9549835324287415
aljukgvthe.mp4,0.9837793707847595
aljyahbmje.mp4,0.9302807450294495
alkeuibdtl.mp4,0.10651609301567078
alkhjykzhv.mp4,0.9896436929702759
allbpxjonx.mp4,0.2962622344493866
allzkplefm.mp4,0.9599037766456604
alpjodptvs.mp4,0.8226927518844604
alpmztosny.mp4,0.8235452175140381
alqbgeothz.mp4,0.9893505573272705
alqqvruble.mp4,0.9618967771530151
alrhucxcnv.mp4,0.0998469665646553
alrjjpkdwb.mp4,0.18144285678863525
alrtipudhw.mp4,0.9775881171226501
alrygoogve.mp4,0.9862837791442871
alseiqnfnc.mp4,0.9900000095367432
altfvrpmxe.mp4,0.9898247122764587
altqelkpqj.mp4,0.9206946492195129
altsldzvrj.mp4,0.9767100811004639
altttvjaxx.mp4,0.9772185683250427
alunlwxvze.mp4,0.9793962836265564
alvbydoswv.mp4,0.9606624245643616
alveuecehk.mp4,0.7371986508369446
alvqhgaeeu.mp4,0.9108262062072754
alvtzfofgl.mp4,0.6811110377311707
alvymawvku.mp4,0.9733324646949768
alwawapjwq.mp4,0.9693610668182373
alxhjctmkg.mp4,0.9897363185882568
alxiptcihe.mp4,0.8276447653770447
alxzfebwcx.mp4,0.9850878119468689
alybjlhtmt.mp4,0.983070433139801
alygipvchi.mp4,0.971127986907959
alypwytrnl.mp4,0.28644832968711853
alyxfsgfab.mp4,0.9900000691413879
alzajhomle.mp4,0.9646040797233582
alzbizkswy.mp4,0.6764910221099854
alzoglbicl.mp4,0.9158974289894104
alzrreiirg.mp4,0.9576050639152527
alzsiirjyn.mp4,0.17786477506160736
ambmklrhtt.mp4,0.9446555972099304
amckcjeoee.mp4,0.9805750846862793
amdflcvyaf.mp4,0.9751613736152649
amdkokqlfq.mp4,0.8920130133628845
amdlrymezn.mp4,0.6990137100219727
amdoecgegz.mp4,0.9155364036560059
amdomkmlov.mp4,0.8227899074554443
amdrqfyqgr.mp4,0.9345002770423889
amdsocyvfq.mp4,0.9852621555328369
amecqqixzs.mp4,0.9259963035583496
amgffqquxp.mp4,0.6055497527122498
amgvrxpnsj.mp4,0.9274328947067261
amhaovcmkc.mp4,0.09214872866868973
amiqkliwtf.mp4,0.7623876929283142
amivrvwesd.mp4,0.743891716003418
amkhfybfxf.mp4,0.9894566535949707
amkvbktnmb.mp4,0.22841420769691467
amlkmjcbsg.mp4,0.9765564799308777
amlxclbtvg.mp4,0.865521252155304
amlxxdddxe.mp4,0.9900001287460327
ammcdfkxfl.mp4,0.9880587458610535
ammsbhroun.mp4,0.9554116129875183
amnlztdajc.mp4,0.22573477029800415
amnzjdtmtg.mp4,0.3065500855445862
amocgevapl.mp4,0.9827394485473633
amooumaljz.mp4,0.8864221572875977
amoyritjif.mp4,0.985698938369751
ampejireoy.mp4,0.18531166017055511
amptorfnua.mp4,0.9899998903274536
ampwuteugc.mp4,0.9111396670341492
amsrzsvcij.mp4,0.8189980387687683
amujoiikax.mp4,0.9900000691413879
amukqwhssg.mp4,0.9278751611709595
amumyipktv.mp4,0.9359897375106812
amvskovhei.mp4,0.8875597715377808
amwmnvuftj.mp4,0.9607398509979248
amwqklteuh.mp4,0.9350098371505737
amxeybwksq.mp4,0.8739208579063416
amxtgpskys.mp4,0.6680530309677124
amxuvbrmfj.mp4,0.910636305809021
amzkbxslyy.mp4,0.9836412668228149
amzlsaeqee.mp4,0.9851987957954407
amzrqwbvqq.mp4,0.9091421961784363
anaagxljms.mp4,0.9801875948905945
anaykjgpmk.mp4,0.9332538843154907
anbkhkungt.mp4,0.9541153311729431
anbteaeopm.mp4,0.9332308769226074
andnipfbgy.mp4,0.19297614693641663
andzbwhpem.mp4,0.9900000095367432
aneiwfhzlo.mp4,0.9754548072814941
anfupdhmyr.mp4,0.6367587447166443
angajnjmxi.mp4,0.8000988364219666
angqjpzdts.mp4,0.9831583499908447
angygvuwwn.mp4,0.9782207608222961
anitiqaike.mp4,0.7821058630943298
anjajlmrio.mp4,0.9893084764480591
anjlxbnxpo.mp4,0.9248666167259216
anjzjprypc.mp4,0.9834298491477966
anjzzdyhno.mp4,0.16711653769016266
ankeipmksk.mp4,0.9892613291740417
ankjkezbvp.mp4,0.8929877281188965
ankmhqwytc.mp4,0.9640506505966187
ankndwoptl.mp4,0.9613282680511475
ankyspxepw.mp4,0.9674578309059143
anldmbjxxt.mp4,0.31735655665397644
anmonywvkk.mp4,0.7865283489227295
anmqqumghf.mp4,0.8790030479431152
annrepersn.mp4,0.5878048539161682
annsmfhdgk.mp4,0.08925735950469971
annxqhdget.mp4,0.9881994724273682
anokulqnvk.mp4,0.9626116156578064
anpptpyvxe.mp4,0.8688360452651978
anrerutgdg.mp4,0.6047791242599487
anrlivgkfq.mp4,0.969728410243988
ansoiwvrqm.mp4,0.7254340648651123
antlihmfhm.mp4,0.9900000095367432
antpydooxs.mp4,0.9871323704719543
antzbewqab.mp4,0.6740618348121643
anuwikwvow.mp4,0.9899817109107971
anvjqfsmcr.mp4,0.9632715582847595
anvlfhrwpv.mp4,0.9897049069404602
anvoqxldcw.mp4,0.9897068738937378
anvzovvyug.mp4,0.9767020344734192
anwgwhqtif.mp4,0.08839410543441772
anwjjhmbqt.mp4,0.24524840712547302
anwrkkclze.mp4,0.9867247343063354
anwtfblvbr.mp4,0.9842049479484558
anwxwllvfg.mp4,0.878219723701477
anxeqgmacn.mp4,0.9514021873474121
anycsvryvs.mp4,0.12097103893756866
anyeaafmht.mp4,0.985262393951416
anyhkuudjx.mp4,0.3830028772354126
anytvmbxsa.mp4,0.9894055724143982
anzenqcwqo.mp4,0.6490470170974731
anznjoyqhx.mp4,0.9214359521865845
anzukkbyvj.mp4,0.9780935049057007
anzwccijbl.mp4,0.8465180397033691
aoahphnoed.mp4,0.9896036982536316
aoaigusywb.mp4,0.9817221164703369
aoamhavbyb.mp4,0.8380143642425537
aoaqpznmgn.mp4,0.9852787852287292
aodheokfzn.mp4,0.9334174990653992
aodijlfnur.mp4,0.989848256111145
aodjxpwsng.mp4,0.9721257090568542
aodpwamaqd.mp4,0.9653417468070984
aodqhsxdgk.mp4,0.9451308846473694
aodrcrvodk.mp4,0.9577615857124329
aodscsqoyc.mp4,0.45477667450904846
aoeuvrhatp.mp4,0.6752922534942627
aoevmbkult.mp4,0.1618996262550354
aofijxylul.mp4,0.9834033250808716
aofjdfbvsf.mp4,0.8812330365180969
aofqqeiisz.mp4,0.9699439406394958
aogedidtxq.mp4,0.9282132983207703
aogeoiljkt.mp4,0.9773693084716797
aogsgxgjij.mp4,0.9809199571609497
aogwcxcdcv.mp4,0.8813381195068359
aohxiyjceo.mp4,0.9709857106208801
aoiejhrhmt.mp4,0.9584242701530457
aoigsecafe.mp4,0.27150505781173706
aojabqhgsp.mp4,0.1697017401456833
aojlfcewvk.mp4,0.9712602496147156
aokalwxzig.mp4,0.8798711895942688
aokgqgryat.mp4,0.409595787525177
aolbdipqql.mp4,0.9898747801780701
aolhuwcdwv.mp4,0.9458463191986084
aomdezxgzc.mp4,0.8486834168434143
aomhbqppxn.mp4,0.9737467765808105
aomowspatw.mp4,0.9369648694992065
aomsunroqu.mp4,0.9631917476654053
aonfdzjsem.mp4,0.984481692314148
aonprngsys.mp4,0.9900001883506775
aopirydans.mp4,0.8329837918281555
aopvrfrydo.mp4,0.9897809028625488
aoqbcjoqjh.mp4,0.8726233243942261
aoqzxlwvmi.mp4,0.2598373591899872
aosmlwbjrc.mp4,0.9883643388748169
aouzlroqzt.mp4,0.9895143508911133
aovdrmcokm.mp4,0.9862056374549866
aovrlwlzpr.mp4,0.14406773447990417
aovruftlxk.mp4,0.10321103781461716
aovskzsqqy.mp4,0.9709112048149109
aoxcttbsju.mp4,0.7323386669158936
aoxjbzqjey.mp4,0.9805901050567627
aoxjeneofv.mp4,0.8068004846572876
aoxltdxgll.mp4,0.9889253973960876
aoybdbmisp.mp4,0.8050883412361145
aoydavjcbz.mp4,0.6504242420196533
aoyoopetdx.mp4,0.2640760838985443
aoyvghuegg.mp4,0.9463128447532654
aozliqzela.mp4,0.9843758344650269
apansjedym.mp4,0.2651577591896057
apasrbjbwu.mp4,0.9845451712608337
apaubiovvf.mp4,0.9761049151420593
apaxorirnn.mp4,0.9745389223098755
apbjpqiswq.mp4,0.9387668371200562
apcjdaqzwa.mp4,0.7913316488265991
apcqyakznt.mp4,0.8601605892181396
apddumqkmt.mp4,0.924923837184906
apdmamltet.mp4,0.9900000691413879
apdowqkvix.mp4,0.8973288536071777
apeeelwdlp.mp4,0.9440991878509521
apfcpcyonw.mp4,0.9875184297561646
apfdcxttpz.mp4,0.33415666222572327
apfgnkqiks.mp4,0.9850519895553589
apfribzdle.mp4,0.6854789853096008
apfwbpnetp.mp4,0.9070121645927429
apgbfczjzd.mp4,0.8102805018424988
apgbzciuhr.mp4,0.9290102124214172
apgqqohtno.mp4,0.978400707244873
apgwlpvvwt.mp4,0.9725387692451477
aphwcjltag.mp4,0.9900000691413879
apifhdspiu.mp4,0.9875488877296448
apjovfzzft.mp4,0.7535697221755981
aplfgrenfv.mp4,0.9832274913787842
aplurzejra.mp4,0.9846495985984802
apmowtywei.mp4,0.8280319571495056
apmoyovxid.mp4,0.5363730788230896
apmytvgnaj.mp4,0.9814566373825073
apnbrekjfa.mp4,0.8280428647994995
apnluiftyn.mp4,0.983009934425354
apofytyhxk.mp4,0.9900000691413879
apojgziubj.mp4,0.967284083366394
apowswlyzi.mp4,0.819302499294281
appvffejyy.mp4,0.19399316608905792
aprtfacuwr.mp4,0.9881608486175537
aprylcdijv.mp4,0.987903892993927
apscwnwndu.mp4,0.9047567248344421
apsjgjohkd.mp4,0.9771547913551331
apswbbedxn.mp4,0.9802864193916321
aptjgrmarh.mp4,0.9120765328407288
aputskujlt.mp4,0.989893913269043
apvhgeulvy.mp4,0.9805671572685242
apvktqqhcq.mp4,0.9875472784042358
apxcatgxts.mp4,0.9850887656211853
apxrqexuvg.mp4,0.7487149238586426
apycffuwrg.mp4,0.5984694361686707
apyzikguhs.mp4,0.9160290360450745
apzltxnnfe.mp4,0.8848170638084412
apztusvlxo.mp4,0.9053255915641785
aqakglyrht.mp4,0.7720146775245667
aqaqgzihfa.mp4,0.46877241134643555
aqbcsxrsjx.mp4,0.8417468070983887
aqcajigjfm.mp4,0.8480722904205322
aqdgarsevm.mp4,0.21100729703903198
aqdnmfsdaw.mp4,0.9849912524223328
aqeecyhmzd.mp4,0.974556565284729
aqegtqxxdj.mp4,0.9888951778411865
aqeukjoshi.mp4,0.7308787107467651
aqfeqkckjs.mp4,0.9744853377342224
aqfimhexfc.mp4,0.9897430539131165
aqfknwdsjr.mp4,0.9895979166030884
aqfnbkwyct.mp4,0.9900000095367432
aqfnfsbqft.mp4,0.16630972921848297
aqgjounhqv.mp4,0.17730271816253662
aqhaqkqbsn.mp4,0.9285296201705933
aqhbszcpal.mp4,0.9114752411842346
aqhlpyacll.mp4,0.23367939889431
aqipkezofh.mp4,0.9899999499320984
aqixnwknzx.mp4,0.8392465114593506
aqjjfkydvf.mp4,0.5831985473632812
aqjpwskcci.mp4,0.9900000095367432
aqjzqcfosw.mp4,0.9439675807952881
aqkvqvmxta.mp4,0.7774089574813843
aqlfwgrjbg.mp4,0.8631733655929565
aqmdamzkzw.mp4,0.6781971454620361
aqmdrnrunl.mp4,0.9214962720870972
aqmzquqqzi.mp4,0.12616129219532013
aqoaolvbwr.mp4,0.453413188457489
aqoiohqcbj.mp4,0.8797610402107239
aqooxilfzc.mp4,0.9254974126815796
aqozyybzlr.mp4,0.23389913141727448
aqpcbawfuc.mp4,0.9246346354484558
aqpfnbapix.mp4,0.8412389755249023
aqpgiwkfuc.mp4,0.5146243572235107
aqpjdjnvky.mp4,0.23220017552375793
aqqkokuaar.mp4,0.9597939848899841
aqquulzxpp.mp4,0.854546308517456
aqrzuafttg.mp4,0.954748272895813
aqsgzoxyok.mp4,0.2714303433895111
aqsjhodxqh.mp4,0.12362511456012726
aqsnonrndh.mp4,0.5932407379150391
aqsoyqygky.mp4,0.09709617495536804
aqsrbioktt.mp4,0.9570754170417786
aqtavzvdbv.mp4,0.9305202960968018
aqtwaoeacu.mp4,0.9361146688461304
aqujbitkrd.mp4,0.9402129650115967
aquooykzmc.mp4,0.3673545718193054
aqvaysmpzk.mp4,0.27725666761398315
aqviuapbyq.mp4,0.7043423056602478
aqvjwcnmgn.mp4,0.9330113530158997
aqvywunszy.mp4,0.9826990962028503
aqwfpoewqb.mp4,0.7836073040962219
aqwfxoqtqu.mp4,0.9828432202339172
aqwziiggkr.mp4,0.18764273822307587
aqxqtiahts.mp4,0.8606828451156616
aqybwsiyfy.mp4,0.9895220994949341
aqyemwessu.mp4,0.8512880206108093
aqymrqseqg.mp4,0.47254928946495056
aqyqaqjvkr.mp4,0.8937861323356628
aqzbjebvhu.mp4,0.2950660288333893
aqzkiwfvlv.mp4,0.24355965852737427
aqzwjwqwuq.mp4,0.8911837935447693
arawwqrgxr.mp4,0.9759016036987305
arbeiwacbk.mp4,0.9310988187789917
arcigchzav.mp4,0.9112963676452637
ardfibzljb.mp4,0.21793414652347565
ardkbqszob.mp4,0.9864010810852051
arebkvnjtb.mp4,0.9889758229255676
aretvijthh.mp4,0.22491267323493958
arfdnjtlop.mp4,0.979758620262146
arflgfcnkg.mp4,0.947535514831543
argfibbhsp.mp4,0.9831743240356445
argpgzyddc.mp4,0.7399018406867981
argxbsvrps.mp4,0.7069711685180664
arhbstyqkw.mp4,0.9899864196777344
arhxaejjgk.mp4,0.8541876077651978
arixtqglae.mp4,0.9662072658538818
arjdbfrxvu.mp4,0.9799808859825134
arjhugbkjr.mp4,0.976050615310669
arjihnnsxp.mp4,0.9844209551811218
arkvqylmce.mp4,0.9666091203689575
armthxafvt.mp4,0.9616023302078247
arnoeknrix.mp4,0.9507548809051514
arnshkdhmt.mp4,0.9203177094459534
arnxqwlhhy.mp4,0.9847308993339539
arnynohkiq.mp4,0.8356260657310486
arovnvjxul.mp4,0.9899859428405762
arovusxbcb.mp4,0.12283853441476822
arowpzepzu.mp4,0.7121793627738953
arpkmdcyta.mp4,0.9756758213043213
arqadmwicu.mp4,0.0971163809299469
arqbrqbjtt.mp4,0.9847984910011292
arqhhrzzfe.mp4,0.9807990789413452
arqigrccnb.mp4,0.7981845140457153
arqkfspbhv.mp4,0.9115533232688904
arrflbwjau.mp4,0.9894344210624695
arruqttjtu.mp4,0.7001557350158691
arruxldloh.mp4,0.9880315065383911
arskgfjbig.mp4,0.983452558517456
arstrttqeg.mp4,0.9876125454902649
arsyutncba.mp4,0.7669162750244141
artyhhqalj.mp4,0.9726593494415283
aruvraefdk.mp4,0.28310421109199524
aruyyclubn.mp4,0.959178626537323
arvezfgabn.mp4,0.9826152324676514
arwefyghir.mp4,0.5240299105644226
arwiyweadv.mp4,0.12055850028991699
arxtdzaufb.mp4,0.9897692203521729
aryesdeggf.mp4,0.9513954520225525
aryxrnnlsr.mp4,0.9300419688224792
aryycfonig.mp4,0.9569737911224365
arzibochtu.mp4,0.977830171585083
arzmfjryua.mp4,0.9899998903274536
asaatlgelc.mp4,0.9897095561027527
asabhwhxbh.mp4,0.9548726677894592
asahxwzgiu.mp4,0.9784237742424011
asanbqerkb.mp4,0.9782587289810181
asarlqgmqi.mp4,0.9802408814430237
asbrrnbkbn.mp4,0.774485170841217
ascrpmppub.mp4,0.5000020265579224
asddammewq.mp4,0.35626181960105896
asdfeigenc.mp4,0.9900000095367432
asdinxfscu.mp4,0.9852684140205383
asdobemvhs.mp4,0.7944835424423218
asebjkxyih.mp4,0.9380027055740356
asetdhavnb.mp4,0.520916759967804
asewdghwiy.mp4,0.5525587797164917
asewluvyef.mp4,0.6803496479988098
asezorxmhf.mp4,0.18794368207454681
asfdlwrfhj.mp4,0.9754179120063782
asfhofohez.mp4,0.9870159029960632
asgsjbpgdn.mp4,0.989241361618042
asgzesadhh.mp4,0.5287681221961975
ashqrawqub.mp4,0.897098958492279
ashuwsyjoy.mp4,0.8070685863494873
asiuftijhs.mp4,0.9886589050292969
asiwswrgnh.mp4,0.9355031847953796
asiwzzmvey.mp4,0.9900000095367432
asjekccfmc.mp4,0.9350668787956238
asjwojmbtw.mp4,0.8984911441802979
askalizlde.mp4,0.9880359768867493
askbwhvcty.mp4,0.9895665645599365
askydwekiz.mp4,0.7814037203788757
aslagfljgq.mp4,0.5452610850334167
aslokfrsbj.mp4,0.8568037748336792
aslxmgtptv.mp4,0.9592078924179077
asmturwvvg.mp4,0.3967379629611969
asnhojocyk.mp4,0.9880737066268921
asokwizksz.mp4,0.9164742827415466
asopsoelan.mp4,0.14615805447101593
asownnwcfl.mp4,0.4323076903820038
aspqeufuad.mp4,0.9858722686767578
aspxqtipuv.mp4,0.9459996223449707
asquqxqfgt.mp4,0.9875253438949585
asrdxfgoax.mp4,0.11566850543022156
asrqbwjtvi.mp4,0.8768045902252197
asrqdjylvs.mp4,0.5818871259689331
assetebyvu.mp4,0.8984512686729431
asswuixayc.mp4,0.9871597290039062
astmemhkkb.mp4,0.9828806519508362
astngczbtb.mp4,0.9443908929824829
astsglvnfu.mp4,0.9877128005027771
astycpcvjv.mp4,0.961823046207428
asunvzmjhu.mp4,0.9805033802986145
asusdwxyxp.mp4,0.8487792015075684
asvuutypvz.mp4,0.9760254621505737
asvzmbozcs.mp4,0.9714281558990479
aswennsiif.mp4,0.9061270952224731
aswtwwuiva.mp4,0.8800298571586609
asyjnjjldz.mp4,0.9717162251472473
asyngyvjas.mp4,0.9780125021934509
asytpbwdda.mp4,0.9293913245201111
aszpchzkyg.mp4,0.7690642476081848
aszpjdkvys.mp4,0.9149717688560486
aszsocbkpa.mp4,0.9782454371452332
atabwvdlhh.mp4,0.7087995409965515
atafcwjaia.mp4,0.9644100069999695
atahzrvlsa.mp4,0.9628421068191528
ataynkhdcf.mp4,0.8763015270233154
atcvvcoejg.mp4,0.07143483310937881
atdhxneulh.mp4,0.9900000095367432
atdtoujvdc.mp4,0.6524132490158081
atdwnhxgoe.mp4,0.9671651124954224
atedpzfvyf.mp4,0.12552312016487122
ateeagebpq.mp4,0.9881168007850647
ateioktfar.mp4,0.931337833404541
atfajwqeit.mp4,0.982898473739624
atfocoqgmu.mp4,0.9843922853469849
atfsetbxac.mp4,0.988920271396637
atfuphvjft.mp4,0.8548294901847839
atgawbaspu.mp4,0.9689459800720215
atgfhmgkjo.mp4,0.9836916923522949
atglxemkyw.mp4,0.9769759178161621
athaasdqvu.mp4,0.9465233683586121
athhvgvtxe.mp4,0.9875260591506958
athlwavnyb.mp4,0.9676653742790222
athwwvrhcv.mp4,0.909569263458252
atigpbfytt.mp4,0.9830660223960876
atixaudngu.mp4,0.1601579487323761
atjrilmghp.mp4,0.974759578704834
atksribkip.mp4,0.9871687889099121
atkvnzjywz.mp4,0.7790958285331726
atlgptyibs.mp4,0.0962788313627243
atlinzpgiq.mp4,0.9900000095367432
atmalptsdf.mp4,0.9428238868713379
atmjyaldyf.mp4,0.9747447371482849
atmqdcgwaj.mp4,0.5695410370826721
atndkfaexa.mp4,0.5736305117607117
atoeqixpui.mp4,0.7992584109306335
atoguadykn.mp4,0.9819756150245667
atorvfmqtw.mp4,0.9522050023078918
atpavsukgc.mp4,0.9337153434753418
atptcqosxk.mp4,0.957298755645752
atqiwttwse.mp4,0.9890082478523254
atqtjhcjok.mp4,0.7220391035079956
atrcstuvme.mp4,0.6163330674171448
atrelvkevy.mp4,0.1682700216770172
atrfdylqcc.mp4,0.9726327061653137
atrssikhoy.mp4,0.08717092126607895
atsoxhthal.mp4,0.9627982378005981
atsqpfujai.mp4,0.9715791344642639
atsxbvdqfb.mp4,0.16417890787124634
attmnksdst.mp4,0.9899999499320984
atuelqlopo.mp4,0.9779338240623474
atuevnkgvs.mp4,0.8489035964012146
atuydgvxda.mp4,0.8875187039375305
atuzsraaul.mp4,0.11926410347223282
atvkhsmnpt.mp4,0.9771702289581299
atwjgmhfzb.mp4,0.9887341856956482
atwmgvaauf.mp4,0.957054853439331
atwvfkjmzj.mp4,0.8852704763412476
atwxhnhtjr.mp4,0.9864452481269836
atxaywwsys.mp4,0.5439493060112
atxnomscvq.mp4,0.3267737030982971
atxtpvdiqh.mp4,0.7686942219734192
atxxrvpedy.mp4,0.9703233242034912
atydjyhqsv.mp4,0.6438501477241516
atyinggtpp.mp4,0.9685392379760742
atymuugcbc.mp4,0.916519045829773
atyslhetzg.mp4,0.9590825438499451
atywhotyfi.mp4,0.8362073302268982
atzdorfpoo.mp4,0.08272185176610947
atzsmxhbyd.mp4,0.983823299407959
atzvxcgfmy.mp4,0.9365152716636658
auabdnhegy.mp4,0.9813679456710815
auaqihmsmu.mp4,0.7193015813827515
auaudezume.mp4,0.860956609249115
aucfkadwgs.mp4,0.8920884132385254
aucmvckzax.mp4,0.24791280925273895
aucunewmkp.mp4,0.9897465109825134
audooqjxxn.mp4,0.09795796126127243
aufnlnndwk.mp4,0.9853532314300537
aufudlkirv.mp4,0.981437087059021
aufuqdncad.mp4,0.9758293032646179
auhelqsolf.mp4,0.3349078297615051
auhhhfprkw.mp4,0.9011726379394531
auhrezixau.mp4,0.9516330361366272
auilwijuvo.mp4,0.40476691722869873
aujnmzqaae.mp4,0.9081020355224609
aujoxrpddn.mp4,0.14008301496505737
aujrpwwjtq.mp4,0.964579701423645
aukfaxetvr.mp4,0.9857850074768066
aukznkpjqe.mp4,0.989264965057373
aulmrfdiyo.mp4,0.9848227500915527
aultpoxkdl.mp4,0.9820519685745239
aulykluogb.mp4,0.9891109466552734
aumcclscze.mp4,0.916791558265686
aumgbezciw.mp4,0.9878101944923401
aumhehkisj.mp4,0.9824770092964172
aumsysgpsf.mp4,0.10038098692893982
aunbxjislr.mp4,0.9243983626365662
aunokqsmrt.mp4,0.08946448564529419
aunsxsgprx.mp4,0.14816604554653168
auoojxnyap.mp4,0.9787054061889648
aupsxowdcp.mp4,0.8061341047286987
aupunxljjw.mp4,0.4244902431964874
auqgxmpfls.mp4,0.988132655620575
auqlledwxt.mp4,0.2141304463148117
auticcvqlx.mp4,0.9841257929801941
auttzzzosj.mp4,0.6077956557273865
autwdwydhy.mp4,0.9819265007972717
auunxrgrox.mp4,0.9762475490570068
auviwvqttx.mp4,0.9713641405105591
auwljofebi.mp4,0.12495843321084976
auwxgkkipp.mp4,0.9841739535331726
auxnjvttgs.mp4,0.9457760453224182
auxtpaboto.mp4,0.9581415057182312
auykxzlgzj.mp4,0.9485015869140625
auyrrevsns.mp4,0.9208785891532898
auysreeedq.mp4,0.9900000095367432
auyyexggvm.mp4,0.9355917572975159
avabskjphz.mp4,0.9553605914115906
avaideasjj.mp4,0.8764346241950989
avcftqodfe.mp4,0.2185399979352951
avcyoqrqbg.mp4,0.958179235458374
avczvisstl.mp4,0.9387680888175964
avdvtlhcot.mp4,0.40231990814208984
avebrhzvyp.mp4,0.9325724840164185
avfoukjslp.mp4,0.9892345666885376
avfvsddibv.mp4,0.6812263131141663
avfxgetfyn.mp4,0.9419025778770447
avgerywsmv.mp4,0.9730858206748962
avgrquoicj.mp4,0.9873921871185303
avhdquzuwf.mp4,0.1493808478116989
avhldaimyf.mp4,0.9829046726226807
avjauiqsjy.mp4,0.44820091128349304
avjisfzhex.mp4,0.9848623275756836
avjsnsinzy.mp4,0.8333303928375244
avkelzfynk.mp4,0.9859840869903564
avkoyhjdcy.mp4,0.9080117344856262
avktbnnfct.mp4,0.8246127963066101
avlbihahvk.mp4,0.9898959398269653
avliofdydx.mp4,0.9141561388969421
avlmfkyfzg.mp4,0.9744262099266052
avmemmaaor.mp4,0.6685788631439209
avmgyrjqzy.mp4,0.971939206123352
avmrqfwizg.mp4,0.9080734252929688
avmtuoxxer.mp4,0.9370601177215576
avnxwfdjca.mp4,0.9755234122276306
avotaeqmvc.mp4,0.9878198504447937
avowqomohu.mp4,0.9899005889892578
avozobkkmm.mp4,0.9881705641746521
avpuwxsjxc.mp4,0.24974721670150757
avpxiwwfwa.mp4,0.8287174105644226
avqxrnfzpd.mp4,0.8696616291999817
avqznmlvzs.mp4,0.9413027763366699
avrjnwyavl.mp4,0.9898527264595032
avrtgzyqjl.mp4,0.2257644385099411
avrwxtyoqg.mp4,0.97242271900177
avseaqfbeq.mp4,0.894191324710846
avtdwylihb.mp4,0.9576627016067505
avteqdmbob.mp4,0.7552949786186218
avtsotbmxb.mp4,0.8447692394256592
avttogwbyz.mp4,0.20511195063591003
avubtwxvrc.mp4,0.9870877861976624
avujziraao.mp4,0.9841802716255188
avwabkfjnx.mp4,0.9899035096168518
avwddhpjxw.mp4,0.7634199857711792
avwezsgvml.mp4,0.904549777507782
avwyvjwuqf.mp4,0.9323488473892212
avxkxnaxfa.mp4,0.692631721496582
avyxflippj.mp4,0.8804875612258911
awbjetawnf.mp4,0.9899998903274536
awcftwahcl.mp4,0.6420540809631348
awdrgjsmdm.mp4,0.9899999499320984
awelafarav.mp4,0.621912956237793
aweoiozyrk.mp4,0.9840026497840881
awfghdfcmz.mp4,0.8410946726799011
awfhtuiccr.mp4,0.9869419932365417
awfkuosrud.mp4,0.9857804775238037
awgdlcpsot.mp4,0.9501632452011108
awglcxxkdp.mp4,0.9514198303222656
awifeyjgpb.mp4,0.9781942963600159
awiusprppe.mp4,0.8369358777999878
awjtdulzbz.mp4,0.9823217391967773
awkkwnyswq.mp4,0.46959033608436584
awkothxqwq.mp4,0.9892448782920837
awkxwqfint.mp4,0.9900000095367432
awmvrsdttc.mp4,0.9750802516937256
awmydrvoez.mp4,0.7950605154037476
awpnjkemhd.mp4,0.9793252944946289
awrnfjkwxr.mp4,0.9737089276313782
awrvggbava.mp4,0.9899999499320984
awsceniain.mp4,0.3495039641857147
awsjaessrp.mp4,0.9890307784080505
awstgmezgy.mp4,0.9838860034942627
awtnxljuij.mp4,0.9181385636329651
awtuzutzcg.mp4,0.9898318648338318
awuwcwcmry.mp4,0.9243189692497253
awvnopdojm.mp4,0.6662124991416931
awvpnrmvuf.mp4,0.9899999499320984
awwdrhjncq.mp4,0.9889460206031799
awwexvkmil.mp4,0.11111117899417877
awwlbkyice.mp4,0.987221896648407
awxbgxeldd.mp4,0.8999976515769958
awxzireppb.mp4,0.9834287762641907
awyccgauib.mp4,0.9321156740188599
awypqsjdfg.mp4,0.9855868220329285
awzgjaqzyu.mp4,0.9882867932319641
awzjpnfkwz.mp4,0.302414208650589
awzxxaxccz.mp4,0.9700712561607361
axakrhimzr.mp4,0.9900000095367432
axatawveci.mp4,0.9894233345985413
axbahffclw.mp4,0.9745566248893738
axbnxjivlr.mp4,0.9671316146850586
axbondvizf.mp4,0.5066238641738892
axbpgirutr.mp4,0.14210005104541779
axbwohvwap.mp4,0.5875787138938904
axcjfghdur.mp4,0.4528818428516388
axclxmvyxx.mp4,0.9880239963531494
axcyprvxsm.mp4,0.6617909073829651
axdepsfowg.mp4,0.18047498166561127
axdfevfyte.mp4,0.9676873683929443
axdtpoftlh.mp4,0.9900000095367432
axfjqgpksd.mp4,0.978261411190033
axfquovbya.mp4,0.1530044674873352
axfqvtdpqn.mp4,0.9034870862960815
axfwtbbwyu.mp4,0.9362497329711914
axfzvnwvmk.mp4,0.7993296384811401
axihbxiqnf.mp4,0.9900000691413879
axizacykmi.mp4,0.95184326171875
axjkknsbsd.mp4,0.4210798442363739
axkbdkcony.mp4,0.508126437664032
axkuywcuzt.mp4,0.9854651093482971
axlsscylar.mp4,0.1687072068452835
axmhmxlked.mp4,0.989274799823761
axmwuiabtk.mp4,0.953113853931427
axnpuuknzw.mp4,0.10612940043210983
axnztobmfv.mp4,0.10185199230909348
axodysvnia.mp4,0.9545085430145264
axoohecyzz.mp4,0.9600827097892761
axopbbxwzr.mp4,0.9725030064582825
axpanprprj.mp4,0.9785653948783875
axppnromyo.mp4,0.9674292206764221
axpwfeomqt.mp4,0.9720816612243652
axqsgizzhg.mp4,0.9717236161231995
axriuvwgcm.mp4,0.9593130350112915
axsgyeohxb.mp4,0.9900000095367432
axtfaxnnir.mp4,0.9405179023742676
axttznnysz.mp4,0.976231575012207
axudxwpjpq.mp4,0.22106526792049408
axutpjywuu.mp4,0.5077964663505554
axvvrrujab.mp4,0.24354377388954163
axwvfkdsaq.mp4,0.9726881980895996
axxldpmbat.mp4,0.969075620174408
axxojjcuzi.mp4,0.9757785201072693
axxvqwvryi.mp4,0.8169288635253906
axxxmqnvlo.mp4,0.9782540202140808
axybfzwjou.mp4,0.9769279956817627
axyorvscnv.mp4,0.7877379655838013
axyzunnpvp.mp4,0.9829435348510742
axzxmjrvvi.mp4,0.7048850655555725
ayaklbufdz.mp4,0.9888068437576294
aybgtakzhf.mp4,0.9899800419807434
aybhjzvgsz.mp4,0.9811233878135681
aybozriclz.mp4,0.9896680116653442
aybqoonlol.mp4,0.9300238490104675
aybtugbqxp.mp4,0.9706958532333374
aybxejnqxn.mp4,0.7850458025932312
aycgmkmvue.mp4,0.9764961004257202
ayclhmjajg.mp4,0.9891500473022461
aycrceahnh.mp4,0.9664843678474426
aycutytbxb.mp4,0.6941654682159424
aydxjkfuhk.mp4,0.9722427725791931
ayehybcbfv.mp4,0.5751698613166809
ayeuasvmue.mp4,0.9877476096153259
ayfahboitj.mp4,0.9890347123146057
ayfauyvasg.mp4,0.9837502837181091
ayfsfcgwva.mp4,0.9789526462554932
ayghjyhjpa.mp4,0.9889416694641113
ayhabcqsat.mp4,0.8518159985542297
ayhblsodaz.mp4,0.9838911890983582
ayhhqjvchn.mp4,0.8531467914581299
ayhhyfamhc.mp4,0.9045224785804749
ayhljgasce.mp4,0.9818547368049622
ayijzcgmxu.mp4,0.9900001287460327
ayiqatefmh.mp4,0.9809577465057373
ayiyiznwnr.mp4,0.9707714915275574
ayjiviupgu.mp4,0.9418420195579529
ayjpsdziav.mp4,0.7132477760314941
aykytsanpx.mp4,0.9814170598983765
ayldgxapih.mp4,0.9890363216400146
ayleocznjp.mp4,0.8822142481803894
aynvjgamgi.mp4,0.8598822951316833
ayodjtwutr.mp4,0.9893864989280701
ayojccmuqk.mp4,0.9389970302581787
ayoyqfyvxb.mp4,0.5832843780517578
ayozpzxgrg.mp4,0.5672491192817688
aypgpcgzzo.mp4,0.9534422159194946
aypljgeqag.mp4,0.8080986142158508
aypsslvabz.mp4,0.9576736688613892
aypwdoupiz.mp4,0.9899999499320984
ayqetwwwjn.mp4,0.9194672107696533
ayququayvl.mp4,0.9858123660087585
ayregwfkuy.mp4,0.9877791404724121
aystoolvlj.mp4,0.8209604620933533
aytalckkea.mp4,0.9816449284553528
aytjdeldie.mp4,0.9899999499320984
aytsnlflqn.mp4,0.69286048412323
aytxkbrpck.mp4,0.9900000691413879
ayumdlbgzg.mp4,0.9297681450843811
ayuocwmzpm.mp4,0.9394001364707947
ayvcvqamlo.mp4,0.7300138473510742
ayvmlkbabt.mp4,0.3345976173877716
ayvmqddutg.mp4,0.9610738158226013
ayvnhxqifb.mp4,0.14888162910938263
ayvrrldwmy.mp4,0.9828189015388489
ayvydsmdys.mp4,0.8408286571502686
aywteojccm.mp4,0.9854426980018616
aywtqiwded.mp4,0.8440390825271606
ayxpdzgpui.mp4,0.0956098660826683
ayxwzqufmq.mp4,0.8330681324005127
ayyrltarjz.mp4,0.5810505747795105
ayyvovoqpq.mp4,0.3569202721118927
ayywxduatc.mp4,0.9834164381027222
ayyzuoklel.mp4,0.9857699275016785
ayzppalsno.mp4,0.9693453907966614
ayzrnuffie.mp4,0.960676908493042
azaahiwadu.mp4,0.14597781002521515
azagqawgaz.mp4,0.984013557434082
azarzgywrq.mp4,0.47674432396888733
azbcbbisho.mp4,0.982296884059906
azbvekzerb.mp4,0.951319694519043
azcdexfolm.mp4,0.9900000095367432
azcdoycnpg.mp4,0.7340628504753113
azcsqgyuzb.mp4,0.9900000691413879
azcvdctoii.mp4,0.13783018290996552
azdgvgbgdv.mp4,0.9013485312461853
azdnpcxhcx.mp4,0.38630369305610657
azdqpyvtjf.mp4,0.16931793093681335
azducmbckk.mp4,0.5936052799224854
azdwparxng.mp4,0.971833348274231
azexbcjrxd.mp4,0.9900001883506775
azgkuomhkg.mp4,0.5052276849746704
azgnidjfzl.mp4,0.9202178716659546
azgrvcvhzf.mp4,0.9898650646209717
azgvkbgvjm.mp4,0.9899999499320984
azhbacpvhg.mp4,0.3819069266319275
azhextpsam.mp4,0.9900000095367432
azhgwqmtmy.mp4,0.4196266531944275
azhhoprzju.mp4,0.9389238953590393
azivxiykdi.mp4,0.9888380765914917
azjpqungtq.mp4,0.6798535585403442
azkdupbivt.mp4,0.42094022035598755
azkhkminwu.mp4,0.9327127933502197
azkjdigcrp.mp4,0.8662842512130737
azmbudlmve.mp4,0.8013885021209717
azmheosoed.mp4,0.45415589213371277
azmirctgyh.mp4,0.9900000691413879
aznqgghqge.mp4,0.9798505306243896
aznsswvnxo.mp4,0.2041204273700714
azobkfldrm.mp4,0.767683744430542
azozbmaple.mp4,0.988694429397583
azpamhpoyy.mp4,0.752869725227356
azpgkhnbfq.mp4,0.882226824760437
azppkqhqpi.mp4,0.974575936794281
azpsfbwwce.mp4,0.6656978726387024
azqmtcjxbk.mp4,0.9242953658103943
azrbqpomdw.mp4,0.8630858063697815
azrdwmzpqb.mp4,0.9753051996231079
azrltfcgki.mp4,0.9899998903274536
azropyxcjl.mp4,0.9722461700439453
azrovzeecz.mp4,0.13454848527908325
azseubmxrc.mp4,0.9900000095367432
azsizuhdse.mp4,0.8124836087226868
azsongfrbo.mp4,0.9900000095367432
azstxtuuqs.mp4,0.9534579515457153
aztadaceye.mp4,0.9425738453865051
aztfzimxkr.mp4,0.9444704055786133
azulfosmdg.mp4,0.8598495721817017
azuqfvasfq.mp4,0.9891220927238464
azvnmgesce.mp4,0.9094943404197693
azwqdbfqrd.mp4,0.19507178664207458
azwsqmaxmf.mp4,0.9747539162635803
azwusfxjmb.mp4,0.9894157648086548
azwwrvjyyp.mp4,0.9832541346549988
azwxpyysde.mp4,0.20802733302116394
azxheumhku.mp4,0.9370650053024292
azxmphhunl.mp4,0.8377377390861511
azxxenkicg.mp4,0.611221432685852
azxzqxskzm.mp4,0.28272774815559387
azydlgxdym.mp4,0.9738174080848694
azylwizjmc.mp4,0.9657008051872253
azyqrdeoew.mp4,0.27780309319496155
azzgrltpvu.mp4,0.9213012456893921
azzhropiql.mp4,0.9819706678390503
azzpwoedpk.mp4,0.943828821182251
azzxjriydb.mp4,0.793083667755127
baajwwebva.mp4,0.9871701002120972
baarzfneac.mp4,0.9869205355644226
bacndmsxqj.mp4,0.9898298382759094
bacrfnbhvo.mp4,0.9900000095367432
bactcvwhqk.mp4,0.9010626673698425
baeoscgqoe.mp4,0.9156965017318726
bafievwatz.mp4,0.9714607000350952
bagkrkxqcp.mp4,0.16219937801361084
baheacsakw.mp4,0.9602972865104675
bahgibkjek.mp4,0.9842559099197388
baiefifser.mp4,0.9668139815330505
baixgpvwme.mp4,0.9847436547279358
bajfrpmupx.mp4,0.6364966630935669
bajmqwxtxp.mp4,0.9112572073936462
baktdytfjl.mp4,0.9854422211647034
balgcurscn.mp4,0.9339098930358887
balwrahloa.mp4,0.958936870098114
balxxkjlti.mp4,0.9554995894432068
bamgpgbjtg.mp4,0.9735972881317139
banbcqfqmw.mp4,0.9343944787979126
banjrnjzhb.mp4,0.9198102951049805
banvwdrhmc.mp4,0.6144759654998779
baolpdzfsz.mp4,0.9888589978218079
baosvoxjxg.mp4,0.9883304238319397
baoszfmdlj.mp4,0.9419135451316833
baphsbkpbz.mp4,0.14746545255184174
baqeedculf.mp4,0.9329431056976318
baqledjaon.mp4,0.987067461013794
barbcborgl.mp4,0.10887137800455093
barmlxxrpt.mp4,0.41079947352409363
batgqxfifq.mp4,0.910498857498169
baummvrmhl.mp4,0.9674450755119324
bavhucvtaq.mp4,0.9383361339569092
bawhghlfoi.mp4,0.9900000691413879
baxdvqglnu.mp4,0.7170530557632446
baxpshhrhc.mp4,0.7241489291191101
bayuahaydv.mp4,0.9887529015541077
bazehalfin.mp4,0.979174792766571
bazuuilpib.mp4,0.8108132481575012
bazxcobmhk.mp4,0.9788546562194824
bbagpnnxnv.mp4,0.8773319125175476
bbbyrusiwe.mp4,0.9883591532707214
bbcibscbkq.mp4,0.9894681572914124
bbcjkyhhuy.mp4,0.35139939188957214
bbdeidcmgb.mp4,0.9581401944160461
bbdzssjeen.mp4,0.9881347417831421
bbenehhaze.mp4,0.9806379079818726
bbeouqcdzs.mp4,0.8724441528320312
bbeyhbquql.mp4,0.9831929206848145
bbeywofslk.mp4,0.9776351451873779
bbfbvvnaak.mp4,0.8364805579185486
bbfflhbtsd.mp4,0.9171932339668274
bbfpygrvoa.mp4,0.9878576993942261
bbfwlhanjw.mp4,0.29773715138435364
bbfzunyiaj.mp4,0.9204861521720886
bbgkukkicj.mp4,0.9832462072372437
bbgtrsseht.mp4,0.9523534774780273
bbhjnxbdco.mp4,0.9743128418922424
bbhlolixfd.mp4,0.7335008978843689
bbhrzugxmn.mp4,0.9525880813598633
bbivjcyvcv.mp4,0.9896464943885803
bbjqbowaaq.mp4,0.9899998903274536
bbjtivfdzq.mp4,0.9886060357093811
bbjtxcqkns.mp4,0.7939333915710449
bbkpsxyjvs.mp4,0.7829638123512268
bblditzyqm.mp4,0.9471229910850525
bbltbwkpzh.mp4,0.3909481167793274
bbmxeiukxe.mp4,0.5220851898193359
bbnpuynemf.mp4,0.8240201473236084
bbnusepqeh.mp4,0.142520472407341
bbomhhqbhk.mp4,0.98911052942276
bbpjgsfveo.mp4,0.9793359637260437
bbuyagtrip.mp4,0.9876757860183716
bbvouhpoys.mp4,0.9716848134994507
bbvycfumal.mp4,0.9526968002319336
bbwffycqmr.mp4,0.9879537224769592
bbwndtahps.mp4,0.7806396484375
bbxuciztza.mp4,0.9672343730926514
bbyapzzbbp.mp4,0.6172012090682983
bbyheffqbo.mp4,0.14083072543144226
bbynajqcsf.mp4,0.9818359017372131
bbyzlvgllp.mp4,0.980902910232544
bbzdjgrlvl.mp4,0.9879325032234192
bcakmcwgit.mp4,0.9160858392715454
bcaswgbknh.mp4,0.21556511521339417
bcawixfkln.mp4,0.9797173142433167
bcawximqto.mp4,0.8751682639122009
bcaxndbaki.mp4,0.3170440196990967
bcbaodgold.mp4,0.1425406038761139
bcbrtcqtpt.mp4,0.10893160849809647
bccaioaudk.mp4,0.9175493717193604
bcemixwldi.mp4,0.9819748997688293
bcenttyeoc.mp4,0.9864888191223145
bcgcdkjivz.mp4,0.9744184017181396
bcgievnwef.mp4,0.9891151189804077
bcgjlsupne.mp4,0.16409826278686523
bcgjugkehl.mp4,0.6522010564804077
bcgzfrxbbz.mp4,0.16213847696781158
bchidnmojc.mp4,0.7639152407646179
bcihtlgaqa.mp4,0.982334554195404
bcijqbastj.mp4,0.6971422433853149
bcixruopcf.mp4,0.9820795655250549
bckjlnaiun.mp4,0.9549565315246582
bckorfknun.mp4,0.9660109877586365
bcktnbnnyv.mp4,0.9886765480041504
bclifiizok.mp4,0.9898545742034912
bclnjhoqol.mp4,0.9866674542427063
bclypwksbx.mp4,0.9891523718833923
bcoorvngcn.mp4,0.9843727946281433
bcownucjtw.mp4,0.9717128872871399
bcoydxioxf.mp4,0.36927661299705505
bcpythngcj.mp4,0.9484462141990662
bcqqfmthwk.mp4,0.9036458730697632
bcrajtjljy.mp4,0.9887402653694153
bcrcdkrgiv.mp4,0.9786147475242615
bcsvkbjzwk.mp4,0.9898288249969482
bcsyzakipb.mp4,0.979619026184082
bctwtzhnje.mp4,0.8183074593544006
bcudplyevq.mp4,0.9872927665710449
bculuffwko.mp4,0.7971130609512329
bcvcyvgowt.mp4,0.9891871213912964
bcvezeyggp.mp4,0.989854633808136
bcvfczypjo.mp4,0.17363783717155457
bcwhokjvfn.mp4,0.41865840554237366
bcwpmauyhg.mp4,0.20665256679058075
bcwtjzsutw.mp4,0.9321421980857849
bcxojybwjj.mp4,0.9704064726829529
bcycmmnpnf.mp4,0.9772767424583435
bczguerkpm.mp4,0.9833487868309021
bdaehxfzbk.mp4,0.12263456732034683
bdahtcivcd.mp4,0.9864785671234131
bdamapnuof.mp4,0.9869675636291504
bdazqodumh.mp4,0.9400526285171509
bdbfpoumql.mp4,0.6415810585021973
bdbofdzikv.mp4,0.971180260181427
bdbryopkaa.mp4,0.9870390892028809
bdcbrzfphv.mp4,0.9278162121772766
bdchfgyrzo.mp4,0.9900000691413879
bdcvtxwdob.mp4,0.9113757610321045
bdddojeyaz.mp4,0.9384917616844177
bdeniywtnn.mp4,0.5384276509284973
bdftdpohva.mp4,0.9877884984016418
bdgmavlwan.mp4,0.9892183542251587
bdhcxanaqy.mp4,0.9899197220802307
bdhnxeeitg.mp4,0.9270273447036743
bdinoddvte.mp4,0.9900000095367432
bdiointpxx.mp4,0.9899188280105591
bdiswjfefc.mp4,0.9891616106033325
bdivrfxtqv.mp4,0.9757058620452881
bdjxzbtadn.mp4,0.9894363284111023
bdkazhizye.mp4,0.6956181526184082
bdkgwjldke.mp4,0.9489915370941162
bdkjxdndjn.mp4,0.9385621547698975
bdmcnjipbq.mp4,0.36402904987335205
bdmhjkrxoj.mp4,0.6040104627609253
bdmjcelmcs.mp4,0.925826370716095
bdmvjkonon.mp4,0.9899999499320984
bdnesbbphy.mp4,0.33792805671691895
bdocvgclcs.mp4,0.9479485154151917
bdoribeoya.mp4,0.8761740922927856
bdpmicugbp.mp4,0.9866467714309692
bdqdarvhiv.mp4,0.13528510928153992
bdqgzjoamp.mp4,0.19456206262111664
bdqjtvrizk.mp4,0.8507555723190308
bdqvamryhc.mp4,0.9350923299789429
bdsopgtlmq.mp4,0.9704025983810425
bdstpdunks.mp4,0.9758302569389343
bdsxxaamze.mp4,0.9611003398895264
bdsyzwsrzw.mp4,0.956676721572876
bdtdtlhyha.mp4,0.9824604988098145
bdtnxarnwm.mp4,0.6750993132591248
bdtybsixoz.mp4,0.9130756258964539
bdvuqjupnd.mp4,0.9814112186431885
bdweezvxfc.mp4,0.7869105935096741
bdwpyrudti.mp4,0.11087901145219803
bdxlkzmnyt.mp4,0.31030863523483276
bdxludmnux.mp4,0.7255566716194153
bdyghmwvxu.mp4,0.8046009540557861
bdynuzrqbt.mp4,0.9787470698356628
bdyuwvpelk.mp4,0.7152133584022522
bdztumelho.mp4,0.9492946267127991
bdzytcvbdt.mp4,0.8240569829940796
bebfstfcgp.mp4,0.8620120882987976
bebmjrpvos.mp4,0.8766465187072754
becfjonwfu.mp4,0.9899998903274536
becjjdnvpn.mp4,0.9199469685554504
becqadbtkb.mp4,0.9689241647720337
beebrqboob.mp4,0.9852007031440735
beebxwvqli.mp4,0.9544375538825989
beefhzclcw.mp4,0.972602367401123
begozxasac.mp4,0.9705014228820801
behdsfoxnk.mp4,0.6412258744239807
behhgrhkmc.mp4,0.9889130592346191
behlbelncd.mp4,0.9420376420021057
bejblmnabd.mp4,0.1304646134376526
bekilotbxu.mp4,0.46787846088409424
bekmufolps.mp4,0.9422690868377686
bekvvpeolr.mp4,0.9727391004562378
belewgtmbs.mp4,0.16975760459899902
belwinawhy.mp4,0.9314556121826172
bemqbwgxxs.mp4,0.09340443462133408
bemzjclvgu.mp4,0.8628650307655334
benkzrmryl.mp4,0.9026907682418823
benlmmdcnf.mp4,0.9489949941635132
benzxvtapn.mp4,0.9818910360336304
beonlzcydr.mp4,0.9897445440292358
berbcixvjc.mp4,0.9809434413909912
beridjgqtm.mp4,0.9744585752487183
betdiwiwql.mp4,0.5515076518058777
bethubglgn.mp4,0.38414958119392395
betuzngwpt.mp4,0.5496022701263428
betzeachui.mp4,0.9277048707008362
beutkgdtcb.mp4,0.9852299690246582
bevjclbhuo.mp4,0.13138633966445923
bevrsulvkt.mp4,0.9891251921653748
bewdlknhhi.mp4,0.25632357597351074
bewwwxnzbk.mp4,0.8488888740539551
bexxqeohiv.mp4,0.9859603047370911
bexzlindzv.mp4,0.9805256724357605
beyhcwgavh.mp4,0.9848227500915527
beysxgrqkk.mp4,0.897038459777832
beyxpliwsy.mp4,0.4011598825454712
bezxyrovyz.mp4,0.9705206155776978
bfawveelwz.mp4,0.9589086771011353
bfcdbaevbj.mp4,0.9770767092704773
bfcejaynie.mp4,0.1677650809288025
bfcmxcvwps.mp4,0.9534849524497986
bfcptqxlvw.mp4,0.8730493187904358
bfcvdqwvwb.mp4,0.9900000095367432
bfdbybhxvr.mp4,0.9138252139091492
bfdgzjrnck.mp4,0.9355925917625427
bfdnlyosad.mp4,0.26843318343162537
bfdxhnfacf.mp4,0.634199857711792
bfecraawwz.mp4,0.4693842828273773
bfevvflqsy.mp4,0.9504777789115906
bfeycvkedq.mp4,0.978515625
bffeslonih.mp4,0.9898911714553833
bffjkyuqvb.mp4,0.5793635249137878
bffrdavndf.mp4,0.9014497995376587
bffrotkdcu.mp4,0.9146670699119568
bfgfvcofvn.mp4,0.953953742980957
bfgrxafoef.mp4,0.9892295598983765
bfgsibgras.mp4,0.7782434225082397
bfgykgohpy.mp4,0.9760451912879944
bfgzqxwhti.mp4,0.9727973341941833
bfhkzqdwbx.mp4,0.9746854305267334
bfhtddaoqy.mp4,0.6937782168388367
bfiztrjizr.mp4,0.13099701702594757
bfjajtyjzt.mp4,0.9367507100105286
bfjeavwnoi.mp4,0.16821882128715515
bfjzxatdrc.mp4,0.9852115511894226
bfkfrtmiub.mp4,0.9005261063575745
bfkzrgovsv.mp4,0.2699193060398102
bflhvfizhu.mp4,0.23631633818149567
bfljjbavig.mp4,0.967358410358429
bfllocpabl.mp4,0.5288504362106323
bflrnxrmfb.mp4,0.9325171113014221
bfluunemxz.mp4,0.3204444944858551
bfmoopvnho.mp4,0.8797358274459839
bfnockrztt.mp4,0.7318459749221802
bfoaqbobup.mp4,0.9896435737609863
bfofpyvvnt.mp4,0.11548859626054764
bfoktrnuxj.mp4,0.989617645740509
bfoozhcgse.mp4,0.9899998307228088
bfqlqydtam.mp4,0.14043089747428894
bfqumzcsvu.mp4,0.9789769053459167
bfqyovgynr.mp4,0.9759259223937988
bfrbtmnllp.mp4,0.6840393543243408
bfsnakisid.mp4,0.9570668339729309
bfukrxvndm.mp4,0.44744551181793213
bfupvodqkz.mp4,0.12159887701272964
bfutthnppf.mp4,0.9853218793869019
bfwgingqsv.mp4,0.9825461506843567
bfwwrlwopy.mp4,0.9142981767654419
bfyhfmdztn.mp4,0.9810274839401245
bfzkkcltvf.mp4,0.9597015380859375
bfzvzyidrj.mp4,0.8490220904350281
bgaafmocsn.mp4,0.7717203497886658
bgbkbvdjnd.mp4,0.9860410094261169
bgbkogrfys.mp4,0.21311350166797638
bgbuqmmaqe.mp4,0.9647007584571838
bgcectalof.mp4,0.9864422082901001
bgcfsiswtj.mp4,0.9899998903274536
bgdehyzokn.mp4,0.9489141702651978
bgexonjbpn.mp4,0.9900001287460327
bghcevlhjf.mp4,0.9834091067314148
bghmhuxxyr.mp4,0.8446821570396423
bghpxawcnb.mp4,0.9392690658569336
bgicufggmb.mp4,0.8837065696716309
bgihlcqcik.mp4,0.9743311405181885
bgilmjxago.mp4,0.9348655343055725
bgiukncdoc.mp4,0.9721189737319946
bgjuqdjnss.mp4,0.8793392181396484
bgjyidaspl.mp4,0.89234858751297
bgkjyalpix.mp4,0.16744159162044525
bgkmfxsqxd.mp4,0.9836501479148865
bgkspwrqlr.mp4,0.9644330739974976
bglklkiayu.mp4,0.908995509147644
bglqkukirr.mp4,0.8541028499603271
bgnxqmdjxq.mp4,0.9552856683731079
bgoiditweq.mp4,0.9692735075950623
bgpdzlrluk.mp4,0.9895673394203186
bgpnirgwsl.mp4,0.9888285398483276
bgpsjixtwm.mp4,0.9707059860229492
bgqhldvsgc.mp4,0.11345428973436356
bgrkttmsxd.mp4,0.9899999499320984
bgrradjndh.mp4,0.9853268265724182
bgslobeeyd.mp4,0.9744333624839783
bgsqoctomw.mp4,0.9402711391448975
bgsrdqcqjx.mp4,0.921852707862854
bgssriyozb.mp4,0.9768551588058472
bgtiikryvg.mp4,0.9854011535644531
bgtridlkdi.mp4,0.9886629581451416
bgulswwjgs.mp4,0.9897952675819397
bguxmfaihe.mp4,0.36803126335144043
bgvknboeyq.mp4,0.9878149628639221
bgvuxeubtf.mp4,0.9665647149085999
bgxdeluogh.mp4,0.1389506310224533
bgxftrukbr.mp4,0.37922677397727966
bgxlldsfmx.mp4,0.769911527633667
bgxpmpwcyg.mp4,0.2222236543893814
bgxqvmjgbm.mp4,0.9698126912117004
bgxxyytpnf.mp4,0.9899669289588928
bgyimohqak.mp4,0.9432701468467712
bgyqwxcrsm.mp4,0.9556729793548584
bhaaitemak.mp4,0.9163660407066345
bhasetirqb.mp4,0.9211951494216919
bhcbgpnkpd.mp4,0.9772344827651978
bhchlbmzrc.mp4,0.9857762455940247
bhdrdqfehh.mp4,0.8193726539611816
bhfihhudau.mp4,0.9142199754714966
bhfpmvpmyw.mp4,0.9398087859153748
bhieufgnnf.mp4,0.6394415497779846
bhjmyjcayb.mp4,0.1705249845981598
bhkfrmjlpv.mp4,0.7795459032058716
bhliuvpgub.mp4,0.9809461236000061
bhmfpkjsbz.mp4,0.9865652322769165
bhpddjewrv.mp4,0.13798202574253082
bhpddnqauc.mp4,0.09660406410694122
bhpiiawcrz.mp4,0.954327404499054
bhqcqwcise.mp4,0.7895907163619995
bhqiisfkui.mp4,0.7549817562103271
bhqteplzxp.mp4,0.9884864687919617
bhsklnhjrj.mp4,0.732530415058136
bhuyzxvohl.mp4,0.9654172658920288
bhvgnyuybi.mp4,0.9831138253211975
bhwevhjvwx.mp4,0.12918968498706818
bhwlgymgxk.mp4,0.9899999499320984
bhwujfazqy.mp4,0.8899179100990295
bhwwzofqvo.mp4,0.9865912199020386
bhxiufgdxa.mp4,0.9883841276168823
bhybofqflj.mp4,0.9900000095367432
bhykihwhkv.mp4,0.989046573638916
bhyzjrwkvk.mp4,0.9585953950881958
bhzfcdzqar.mp4,0.9900000691413879
bhzhzvadnn.mp4,0.9220201373100281
bhzosxdmyt.mp4,0.9533156752586365
bhzwgteaic.mp4,0.9050668478012085
biactglfwl.mp4,0.9219696521759033
bibjgxjhuv.mp4,0.10427729040384293
biborxaekt.mp4,0.09814248234033585
bibpelmopy.mp4,0.9876510500907898
bicenrlrcf.mp4,0.9741029739379883
bicexletbj.mp4,0.9248629212379456
bidfiduqsr.mp4,0.9612208008766174
bidulzdkec.mp4,0.9827715158462524
biebcflser.mp4,0.976993203163147
biefjlethf.mp4,0.21578483283519745
bifaizxtsc.mp4,0.14028041064739227
bigwzvlzhb.mp4,0.09997881948947906
biibogyrpt.mp4,0.9865800142288208
bijcbfrxyc.mp4,0.4189074635505676
bijcrevctl.mp4,0.2328205704689026
bijvvsgumf.mp4,0.973047137260437
bijzpkoaja.mp4,0.9887666702270508
bikehwjuzk.mp4,0.93830806016922
bikrimaoum.mp4,0.13157008588314056
bikymqckfq.mp4,0.9051173329353333
bilsagmnhr.mp4,0.9459807872772217
bimbdboxdb.mp4,0.9501433968544006
binbaztlye.mp4,0.9887769818305969
binrkjcwxe.mp4,0.8666245341300964
binymyngeo.mp4,0.2645166218280792
bipkwdckrk.mp4,0.5723772048950195
biqgaxvjyy.mp4,0.9565836191177368
biqvdjgtrv.mp4,0.970772922039032
bitticunoc.mp4,0.9869780540466309
bivfenlysj.mp4,0.9554910659790039
bivgdpypxh.mp4,0.7806987166404724
bivvdqhxdn.mp4,0.9666457772254944
bivyxqxxpd.mp4,0.7244417071342468
bivzhsmrqo.mp4,0.5544834733009338
biwccgiiju.mp4,0.9616397023200989
biwcfxtdhv.mp4,0.9644284844398499
bixdmyhkzw.mp4,0.6115803122520447
bixiepitjl.mp4,0.7061901688575745
bixqxnpkhk.mp4,0.9862810969352722
bizbjxafzr.mp4,0.9850066304206848
bizohehlgw.mp4,0.176240473985672
bjacjzisbq.mp4,0.9855527281761169
bjapnbgbyf.mp4,0.8911173343658447
bjbmxdthaa.mp4,0.9634385108947754
bjcefkabza.mp4,0.8595962524414062
bjdnvdiorc.mp4,0.989814817905426
bjeefxivfz.mp4,0.7963815927505493
bjeocyuknw.mp4,0.9594000577926636
bjfbzhlzyk.mp4,0.9587407112121582
bjgobiieru.mp4,0.9308268427848816
bjgqvuvzlc.mp4,0.9603100419044495
bjhftvzdoz.mp4,0.4972384572029114
bjhglfghge.mp4,0.9072354435920715
bjhieizrjq.mp4,0.8818774223327637
bjhxjfenwo.mp4,0.3934812843799591
bjifxxuftr.mp4,0.9840829968452454
bjizwsyhld.mp4,0.18981856107711792
bjjaloefag.mp4,0.21018671989440918
bjjczrcrlh.mp4,0.6482004523277283
bjjoujprzo.mp4,0.887749195098877
bjllfiganv.mp4,0.9671544432640076
bjlmreemtq.mp4,0.9897545576095581
bjlutfvxxi.mp4,0.9094648361206055
bjlwgiuuxv.mp4,0.26319411396980286
bjmaxtqiwq.mp4,0.7962945103645325
bjmhknfumi.mp4,0.9244489669799805
bjmveqttsq.mp4,0.9606179594993591
bjnabumhcn.mp4,0.9882846474647522
bjnjsiypnv.mp4,0.9300707578659058
bjnleiepgs.mp4,0.9271554946899414
bjodrjkfxc.mp4,0.9880346059799194
bjorqgprft.mp4,0.9220865368843079
bjpimfdtds.mp4,0.3665485084056854
bjqmdsvxxa.mp4,0.9512847661972046
bjszzfmchp.mp4,0.1267930269241333
bjtgipnmzu.mp4,0.8380606770515442
bjtwbltzbs.mp4,0.9899209141731262
bjuwpszfiu.mp4,0.9058773517608643
bjvmyyhuza.mp4,0.960793137550354
bjwctylvmy.mp4,0.9745904803276062
bjwlkdnbgw.mp4,0.9899044632911682
bjwuuedtla.mp4,0.11503718048334122
bjxghgoctz.mp4,0.800521969795227
bjxzcaifpw.mp4,0.9899049401283264
bjyfwqezqa.mp4,0.986470103263855
bjymnnukqs.mp4,0.29063132405281067
bjytxyelfw.mp4,0.9490697979927063
bjzboctmut.mp4,0.8557710647583008
bjzdxvsuvu.mp4,0.2299661934375763
bkadhwwkwf.mp4,0.11523284018039703
bkadxgxipz.mp4,0.9270157217979431
bkahsatkrs.mp4,0.35944095253944397
bkalogzjos.mp4,0.9609145522117615
bkamlqslms.mp4,0.29902318120002747
bkbflitext.mp4,0.24501648545265198
bkbokyebco.mp4,0.13249339163303375
bkbqftidrf.mp4,0.9300156831741333
bkcqlavtab.mp4,0.9649845957756042
bkdtyrkvgb.mp4,0.9242183566093445
bkewppansb.mp4,0.12054187804460526
bkfgexlytc.mp4,0.9518207907676697
bkfiyurjkt.mp4,0.9745431542396545
bkfuglkfcd.mp4,0.6853310465812683
bkfvakwdnw.mp4,0.9758040308952332
bkhclbvdis.mp4,0.7059848308563232
bkiogelrvu.mp4,0.976485013961792
bkitjnimap.mp4,0.9120662808418274
bkivxaxfdv.mp4,0.984596848487854
bkixloqwgr.mp4,0.8939390778541565
bkizohuxts.mp4,0.9890770316123962
bkjhfcvsig.mp4,0.3290485143661499
bkjxcbphsp.mp4,0.9604899287223816
bkkkindqvf.mp4,0.918860673904419
bkknadbdyb.mp4,0.2100142240524292
bklltfdtkn.mp4,0.9410756230354309
bkmrcuzvek.mp4,0.959258496761322
bkmyreelcs.mp4,0.9433005452156067
bkmzjbrzhj.mp4,0.9742507338523865
bknczlsdia.mp4,0.25348737835884094
bkoeppigdz.mp4,0.9592499136924744
bkojtypnkn.mp4,0.9649299383163452
bkpolfeixc.mp4,0.9861400723457336
bkpubzzmft.mp4,0.9762628078460693
bkqgvkwjcn.mp4,0.48521727323532104
bkqzqgnzmw.mp4,0.9656568765640259
bkrthuclue.mp4,0.9265146851539612
bktcgtnzzh.mp4,0.17317935824394226
bktxvguxuy.mp4,0.7933886647224426
bkuoqwyjor.mp4,0.09519875049591064
bkuxvlsyax.mp4,0.98786461353302
bkvmpillpt.mp4,0.9900000095367432
bkwedwckhv.mp4,0.933847188949585
bkwiqcrzca.mp4,0.9884219169616699
bkwpeforul.mp4,0.9857338666915894
bkxqjiqabv.mp4,0.9884727001190186
bkymqahmft.mp4,0.9743196368217468
bkyoodlpvw.mp4,0.9095747470855713
bkytciqsgd.mp4,0.1805592030286789
bkyzinwdfz.mp4,0.989736020565033
bkzabjxnpm.mp4,0.9806629419326782
bkzbiriopd.mp4,0.915165364742279
bkzztamepr.mp4,0.9895873665809631
blbghnbwmt.mp4,0.1527968794107437
blbtxevriv.mp4,0.6217328906059265
blcpogyffx.mp4,0.9828471541404724
blcqzztrvu.mp4,0.1314016729593277
bldvboovyj.mp4,0.9900001287460327
blehjybifk.mp4,0.2754831314086914
bleowhekvn.mp4,0.14776511490345
blepmtsdvs.mp4,0.8014011383056641
blfdfsedii.mp4,0.9891740679740906
blfmarosnw.mp4,0.9880262613296509
blghqsyyfx.mp4,0.9899526834487915
blhfraazak.mp4,0.9237627387046814
blhhutqvsw.mp4,0.96744704246521
blhxipfcro.mp4,0.9841952323913574
bljafwdkgk.mp4,0.9715139269828796
bljjbfslfx.mp4,0.21982985734939575
bljpdykszf.mp4,0.2000851333141327
blkxyqpgry.mp4,0.9872605204582214
bllzezsiip.mp4,0.5060209631919861
blmuzhjygg.mp4,0.949711263179779
blnnqgjuck.mp4,0.9890790581703186
blnoubxzwr.mp4,0.8035193681716919
blqgpxokwq.mp4,0.28205713629722595
blqhvxglyz.mp4,0.9891857504844666
blqrkgjsun.mp4,0.9482415318489075
blqwrzztiy.mp4,0.9789355397224426
blryzyqfan.mp4,0.959526002407074
blsfputbrz.mp4,0.9736323952674866
blszrprdrv.mp4,0.9826945662498474
bltgxotaiv.mp4,0.09398757666349411
bltsfxhpce.mp4,0.6727426648139954
bltxzeoijl.mp4,0.6186708807945251
blvgczhxyu.mp4,0.977085530757904
blvqcbuele.mp4,0.8763886094093323
blyaymhdil.mp4,0.5708290338516235
blybhmrnrd.mp4,0.2987798750400543
blyfmnqkfl.mp4,0.9887934923171997
blynypczbp.mp4,0.9877493381500244
blyzlljblm.mp4,0.9566195607185364
blzespzdkl.mp4,0.8746264576911926
blzmqourro.mp4,0.9756249785423279
blzsfimppr.mp4,0.37756863236427307
bmablqorlk.mp4,0.9449938535690308
bmalihrewa.mp4,0.5983481407165527
bmdiaytrcm.mp4,0.08784295618534088
bmejcmawty.mp4,0.950526773929596
bmejygajwg.mp4,0.9789859056472778
bmepdrvkyy.mp4,0.9829210638999939
bmfrfuiucc.mp4,0.9514797329902649
bmfuosxwoc.mp4,0.9757934212684631
bmgidxpirq.mp4,0.897055983543396
bmgjjwxmhi.mp4,0.9540051221847534
bmgptqpfdt.mp4,0.8396115303039551
bmgyolkiyj.mp4,0.9728853702545166
bmhcbivwvf.mp4,0.9865471720695496
bmijukkheo.mp4,0.7479134798049927
bmimrgglnb.mp4,0.9838940501213074
bmiryozzvx.mp4,0.09589710831642151
bmixrenyil.mp4,0.9900001287460327
bmkglbhaiz.mp4,0.9897677302360535
bmkimqkzlh.mp4,0.789746105670929
bmkirvqnkq.mp4,0.9898191094398499
bmkzenlrkm.mp4,0.9857032299041748
bmlkelpjmp.mp4,0.97417813539505
bmlnzuebwq.mp4,0.9814158082008362
bmmdgzgqyb.mp4,0.9880905151367188
bmmyqhhwnw.mp4,0.2606741786003113
bmnpqrwnex.mp4,0.2702459394931793
bmpgdxzwpt.mp4,0.7668004631996155
bmprytqwwp.mp4,0.458880215883255
bmpxgjgryj.mp4,0.9617228507995605
bmqjjdkysw.mp4,0.9848228693008423
bmqouoakyf.mp4,0.8667253255844116
bmqxraeqaw.mp4,0.8990723490715027
bmrfnpgter.mp4,0.8861364722251892
bmskphjibo.mp4,0.9699984788894653
bmsxkitovr.mp4,0.9390339851379395
bmsylxxkly.mp4,0.9890309572219849
bmtbxkjkjq.mp4,0.16662174463272095
bmtrpwqkii.mp4,0.19741162657737732
bmuynsdqhz.mp4,0.9691044688224792
bmvsutcqxe.mp4,0.9382666349411011
bmwwownzvl.mp4,0.9898516535758972
bmydqokovk.mp4,0.988750159740448
bmyjdoslrp.mp4,0.9863913655281067
bmzdfyogfw.mp4,0.9667861461639404
bmzkjqilog.mp4,0.74766606092453
bmzsvaimta.mp4,0.9054021239280701
bmzywathcq.mp4,0.12864218652248383
bmzzkjvqpa.mp4,0.8655126690864563
bnbfkhafjz.mp4,0.988903820514679
bnbovmdeot.mp4,0.1810644418001175
bnbuqimfbn.mp4,0.7278168797492981
bnbvwywbci.mp4,0.9897093772888184
bnbxarxyqk.mp4,0.9864701628684998
bncxsmfjor.mp4,0.646099328994751
bndazrmdkj.mp4,0.9899042248725891
bndfldavtx.mp4,0.5644894242286682
bndisdunhz.mp4,0.9269667863845825
bndkaaqewo.mp4,0.9900000691413879
bneuvofkbh.mp4,0.48447614908218384
bnfhgczmrn.mp4,0.8687484860420227
bnflosxiea.mp4,0.9788700938224792
bnfofjyvlf.mp4,0.9792853593826294
bnfrdywzvv.mp4,0.9515683054924011
bnfrgecebo.mp4,0.986314594745636
bnfxesdwqu.mp4,0.9706462621688843
bngimidubc.mp4,0.24851122498512268
bngpjglyqu.mp4,0.7995786666870117
bngpswdemp.mp4,0.9864152073860168
bnhzgxxodm.mp4,0.9512844085693359
bnimtitnnc.mp4,0.2156648188829422
bnirjkrhpf.mp4,0.9678105115890503
bnivwnbzbx.mp4,0.9808017015457153
bnjdaskseq.mp4,0.9747263193130493
bnjzsmvuot.mp4,0.9900000095367432
bnlhnkfkrg.mp4,0.9503910541534424
bnlqzjegan.mp4,0.8925476670265198
bnmtqdhxig.mp4,0.9220086336135864
bnmxzioxft.mp4,0.9654119610786438
bnnbfpcvlr.mp4,0.8911699056625366
bnnbywoosz.mp4,0.18365181982517242
bnoenthkmd.mp4,0.9396898150444031
bnpsclwvrp.mp4,0.9880110621452332
bnrhpswktc.mp4,0.9273286461830139
bnrinrrsle.mp4,0.9548996686935425
bnriwtwfof.mp4,0.2207116186618805
bnrmoejozc.mp4,0.9895905256271362
bnsxuqhoei.mp4,0.11922917515039444
bntffimwve.mp4,0.9173010587692261
bnudobzshb.mp4,0.9866624474525452
bnvpafalfu.mp4,0.972097635269165
bnvtgmfunt.mp4,0.9888489842414856
bnwkhfneqp.mp4,0.32342809438705444
bnwpzorrtc.mp4,0.9897637367248535
bnwxqegocz.mp4,0.9858100414276123
bnxispqojs.mp4,0.957728385925293
bnyiorehpm.mp4,0.9693557024002075
boagmphucy.mp4,0.9836028218269348
boatuniakm.mp4,0.9846964478492737
bobulcobhw.mp4,0.9236390590667725
bobuotmbyj.mp4,0.1690523773431778
bockklctcz.mp4,0.9897137880325317
bocrnmsejn.mp4,0.9691939353942871
bodsawledj.mp4,0.9816304445266724
bodvhackdj.mp4,0.9874062538146973
boepzadatv.mp4,0.9887920618057251
bofeeihrug.mp4,0.9881712198257446
bofeuivknt.mp4,0.9843174815177917
bofgeerrrz.mp4,0.9809669852256775
bofmetrgfm.mp4,0.9291306138038635
bogcoldwxa.mp4,0.22032561898231506
bogjubshbr.mp4,0.9819608926773071
bogpwahmwx.mp4,0.8938373327255249
bohrgpvebk.mp4,0.9759823083877563
bohwfyympd.mp4,0.9399641156196594
bohxccdcoo.mp4,0.9898275136947632
boiaofxiwp.mp4,0.9899734854698181
boiexvxboc.mp4,0.9888564348220825
boigglmnof.mp4,0.9778791666030884
boioyxhfch.mp4,0.964026689529419
boirbbzkvt.mp4,0.9443053603172302
bojrkqyjdk.mp4,0.946672797203064
bolcjxqleh.mp4,0.962529182434082
bolnqgimhd.mp4,0.9189966917037964
bolpdamwfo.mp4,0.9013011455535889
bolxsckgnj.mp4,0.8946104049682617
bonanummuk.mp4,0.9603452682495117
bonatvjrzc.mp4,0.918491542339325
bonmcuwuqu.mp4,0.9618776440620422
bonwkgdpzx.mp4,0.21681790053844452
booejmgaqh.mp4,0.19563162326812744
boopvichfi.mp4,0.06973187625408173
boprewpbmp.mp4,0.40213432908058167
boqihigtcw.mp4,0.8675356507301331
boqpxyzcyc.mp4,0.9534739255905151
bordcikifg.mp4,0.9581679105758667
boreeeujiu.mp4,0.7552793025970459
bortbfnubx.mp4,0.8944141268730164
boruwivyxw.mp4,0.972425639629364
bosbcjeizu.mp4,0.9773992896080017
bosclfijdo.mp4,0.9863119721412659
bosxyhludp.mp4,0.8447452783584595
botlpnmjmt.mp4,0.9899746179580688
bouhmflnng.mp4,0.7791392803192139
boulpmuket.mp4,0.9893547296524048
bowapsnlpk.mp4,0.9595683217048645
bowgnwjhqe.mp4,0.9899999499320984
bowjhilvfm.mp4,0.5953147411346436
bowsazznoh.mp4,0.9385809898376465
boxffpjcxp.mp4,0.9843003749847412
boxrpxjcrv.mp4,0.9587346911430359
boyribbmyg.mp4,0.25459086894989014
boyvpmwkhd.mp4,0.5
bozetkdhoi.mp4,0.9443315267562866
bozhmxsghc.mp4,0.9895454049110413
bpadffygrq.mp4,0.9895668625831604
bparszhscy.mp4,0.9883458614349365
bpauyhxnlj.mp4,0.9379580616950989
bpbapwtwfa.mp4,0.9789314866065979
bpbbiubvoj.mp4,0.9819687604904175
bpbbjegsoa.mp4,0.9898204803466797
bpbkgyajts.mp4,0.6210490465164185
bpbqjruhkj.mp4,0.9770953059196472
bpbtijbhih.mp4,0.9074367880821228
bpbykjbyvp.mp4,0.9556649327278137
bpcmfykufo.mp4,0.9644535183906555
bpdvahiqem.mp4,0.9493665099143982
bpdwkgpwah.mp4,0.23809796571731567
bpeciyicig.mp4,0.9871292114257812
bpeemkcxad.mp4,0.32295167446136475
bpgekujqux.mp4,0.9055721163749695
bphdxnykou.mp4,0.9900000691413879
bphizcvcao.mp4,0.4843950867652893
bphkjrfmdf.mp4,0.9879856705665588
bphnfjxagq.mp4,0.7803475260734558
bphuuuhabb.mp4,0.7023330330848694
bpiaonpbju.mp4,0.8258852958679199
bpieoyctzo.mp4,0.5246044397354126
bpiuysyyuj.mp4,0.979840874671936
bpjkimtqtz.mp4,0.9709224700927734
bpjtvwbzjn.mp4,0.9897375106811523
bpjvxxvxvn.mp4,0.8436527252197266
bpkklvxqfc.mp4,0.7880290746688843
bpkpvrqduq.mp4,0.14466619491577148
bpkqpbfzkt.mp4,0.902582585811615
bplwjxrjfx.mp4,0.9844668507575989
bpnexhvqmc.mp4,0.9853299260139465
bpoekpidxd.mp4,0.22691497206687927
bpofwnsxhr.mp4,0.7977394461631775
bpoteqryto.mp4,0.9716708660125732
bpphufmsrn.mp4,0.9701347351074219
bpppnleeud.mp4,0.9332879185676575
bpppzfcuuw.mp4,0.9890740513801575
bppvnnfsbu.mp4,0.9772277474403381
bpqkdefbia.mp4,0.17718935012817383
bpqnqpdrvq.mp4,0.9520262479782104
bpqxgmtxli.mp4,0.9899999499320984
bprcupujiv.mp4,0.9127284288406372
bprmtindge.mp4,0.4514167010784149
bpsjqgpszt.mp4,0.9347653388977051
bpsofjvwqw.mp4,0.1867024153470993
bpsqrrutff.mp4,0.9805842638015747
bptdwbwqtp.mp4,0.9899116158485413
bptgdgggmw.mp4,0.9303680658340454
bpuaoihwyh.mp4,0.9896041750907898
bpunvjnbxu.mp4,0.978590190410614
bpurhuhrkx.mp4,0.8641565442085266
bpvimgtvqr.mp4,0.09842731803655624
bpvjdhkspw.mp4,0.7366053462028503
bpwlxljeqi.mp4,0.9809468388557434
bpxnubsfkp.mp4,0.9899998903274536
bpxsrwrgvo.mp4,0.23565711081027985
bpxxmxuvuy.mp4,0.1900922656059265
bpxymugmnd.mp4,0.9900000095367432
bpyjsrjcro.mp4,0.16686274111270905
bpylmgxfqt.mp4,0.8164729475975037
bpzskkbywi.mp4,0.9877762794494629
bqaazokwgn.mp4,0.9235723614692688
bqctsjyrnn.mp4,0.9550479650497437
bqcwckuzax.mp4,0.9892237186431885
bqdatpidkt.mp4,0.41545242071151733
bqdgeuxypv.mp4,0.6020583510398865
bqexsfjguv.mp4,0.9840549826622009
bqfuqvtgux.mp4,0.463298499584198
bqgtmfagak.mp4,0.9100976586341858
bqhcjuivwg.mp4,0.8937364220619202
bqhnwhikid.mp4,0.601499080657959
bqhuqxrncx.mp4,0.918156087398529
bqhzazlywa.mp4,0.7190727591514587
bqipgqbxuu.mp4,0.9643659591674805
bqjhlweyyl.mp4,0.9664610028266907
bqjmnairer.mp4,0.9727064967155457
bqkcbecxvc.mp4,0.5947669744491577
bqkmlqpaqw.mp4,0.9271440505981445
bqlbvmpxqe.mp4,0.975714921951294
bqmanbtedb.mp4,0.959831714630127
bqmdjsdegp.mp4,0.22369913756847382
bqmqwdsrsk.mp4,0.9847319722175598
bqnkjutgfo.mp4,0.9897614121437073
bqnrrwlhoa.mp4,0.9742414355278015
bqnwpojdfk.mp4,0.9872261881828308
bqokvgyvbc.mp4,0.922237753868103
bqouowbtrc.mp4,0.9672858715057373
bqouzypnln.mp4,0.9325566291809082
bqpueovmwa.mp4,0.31353968381881714
bqpwmmesgq.mp4,0.060516055673360825
bqqmwptktz.mp4,0.7837013006210327
bqraxecmjq.mp4,0.9814996123313904
bqrmazghsj.mp4,0.9628230333328247
bqstyqrqpk.mp4,0.9889007210731506
bqtterqjyn.mp4,0.9878528118133545
bqtwvmatah.mp4,0.9103180766105652
bqtxylbmhe.mp4,0.9704252481460571
bquixjwgjq.mp4,0.923724889755249
bquybimorp.mp4,0.12364578247070312
bqwwkjlmgv.mp4,0.9390884637832642
bqxxjdrlhv.mp4,0.9884547591209412
bqyckibuee.mp4,0.9695020318031311
bqydwaxekh.mp4,0.8400537371635437
bqylqctsxk.mp4,0.8291966915130615
bqyybmnxmk.mp4,0.9899986982345581
bqzqcnytto.mp4,0.6614799499511719
braakxlqhr.mp4,0.7868795394897461
brabohxhes.mp4,0.8666267991065979
brakjxmeoy.mp4,0.8762366771697998
brbajvtovp.mp4,0.9900000095367432
brbjuopcko.mp4,0.9735195636749268
brbkdjhodw.mp4,0.9716494083404541
brdgxmzyer.mp4,0.9900000095367432
brdtgbokzj.mp4,0.7453861236572266
brdymbhmhn.mp4,0.9900000691413879
bredrtjqhi.mp4,0.9646034240722656
brejilxlpx.mp4,0.22777101397514343
brfhgnvpvu.mp4,0.9294101595878601
brfisiknjr.mp4,0.9265199899673462
brfwaxtfov.mp4,0.9272445440292358
brgnsmjnde.mp4,0.9154589772224426
brirqrndwc.mp4,0.13651461899280548
briujhlomc.mp4,0.35330018401145935
briushizfu.mp4,0.9825291633605957
brjeffhbzl.mp4,0.9897237420082092
brjvozjthm.mp4,0.9233428239822388
brlbfrwlxc.mp4,0.9827119708061218
brljbkqojj.mp4,0.9042964577674866
brlkkskcpw.mp4,0.7052539587020874
brnmynbswu.mp4,0.9130685925483704
brnrjjaoax.mp4,0.9284383058547974
brnucgxfmt.mp4,0.9884305000305176
brokmubtek.mp4,0.983279287815094
brpegrpuhx.mp4,0.9786831140518188
brpeicyhrl.mp4,0.7898244261741638
brpgchpere.mp4,0.9722861051559448
brpyycqyiw.mp4,0.9734200835227966
brqefywkfn.mp4,0.9261201024055481
brqmvsxeaz.mp4,0.12764814496040344
brqqhvmbiv.mp4,0.37219300866127014
brsjbddase.mp4,0.9899999499320984
brthpcihdg.mp4,0.9651691317558289
brukfvnunx.mp4,0.8453985452651978
bruuugwvqy.mp4,0.9207525253295898
brvjlapnpa.mp4,0.9009432196617126
brvnvecdnm.mp4,0.29570895433425903
brvsnraikz.mp4,0.9793588519096375
brxjwopuzg.mp4,0.9830482006072998
brxnhacofm.mp4,0.982991099357605
brxswajyjy.mp4,0.9140958189964294
brxuxcgifd.mp4,0.9885657429695129
bryusijbzk.mp4,0.9898698329925537
brzhadgdbo.mp4,0.989963173866272
bsairngrxq.mp4,0.9803889989852905
bsalymlxbf.mp4,0.9778914451599121
bsaxncmxzz.mp4,0.9354844093322754
bsbnaftjxd.mp4,0.9675062298774719
bsbpkuphfu.mp4,0.5077279806137085
bsbpxvkcxj.mp4,0.9391135573387146
bsbztddlfe.mp4,0.14435967803001404
bsckuhakfc.mp4,0.9398311972618103
bsdhxityss.mp4,0.8971111178398132
bsdxszzuoz.mp4,0.8613911271095276
bsdyjymwcg.mp4,0.9845534563064575
bsedzrojkw.mp4,0.9483132362365723
bsevwuoabp.mp4,0.9844053983688354
bsfylnbgww.mp4,0.9675881266593933
bshbncamhk.mp4,0.9618048071861267
bshezooygm.mp4,0.9734560251235962
bsjucwhlrj.mp4,0.2689531445503235
bskpyfkxpt.mp4,0.9891906380653381
bskwbhoenl.mp4,0.1366753876209259
bslhiabmve.mp4,0.9555468559265137
bslqxmastf.mp4,0.9587801098823547
bslvoeizbx.mp4,0.7056330442428589
bsmnmuyakc.mp4,0.9636024236679077
bsnkefbpyl.mp4,0.9816388487815857
bsnsresrqj.mp4,0.31171897053718567
bsnweoiova.mp4,0.9863568544387817
bsovvblcxg.mp4,0.18406802415847778
bsplcozagn.mp4,0.9719770550727844
bsprlfyyyc.mp4,0.7561509609222412
bspwelmoiu.mp4,0.9384730458259583
bsqvhrfnry.mp4,0.8889207243919373
bsrwincazk.mp4,0.9789480566978455
bssfqydpps.mp4,0.08169034868478775
bsshkhbuzf.mp4,0.9565780758857727
bsspfyrpnw.mp4,0.972969651222229
bstetrqars.mp4,0.8673813343048096
bstrajsndp.mp4,0.8482711315155029
bsttzosatq.mp4,0.9596830606460571
bsujqrtvla.mp4,0.9283851385116577
bsutyosbsx.mp4,0.19768397510051727
bsvmqlmucm.mp4,0.9759244322776794
bsvwcilhko.mp4,0.9050903916358948
bswcgixolx.mp4,0.1258457750082016
bswmxwhjml.mp4,0.9756343960762024
bsxewdhhaf.mp4,0.9811073541641235
bsxikakpoo.mp4,0.988487958908081
bsxpgkrxim.mp4,0.10533154010772705
bsybhvudsq.mp4,0.7929554581642151
bsyeupjlxh.mp4,0.9590782523155212
bszswtwrra.mp4,0.23046785593032837
bszzvytfvr.mp4,0.20296503603458405
btaidzkrks.mp4,0.9798667430877686
btanrlpgrm.mp4,0.9781028032302856
btaxjrlnmj.mp4,0.7464233636856079
btayrbgjxm.mp4,0.9742876291275024
btbagxtphm.mp4,0.1896832138299942
btbvjzjlqz.mp4,0.909389078617096
btcaqtjdjz.mp4,0.8747521638870239
btclqnwhrs.mp4,0.6902772784233093
btcuttrcxi.mp4,0.1877620667219162
btdlkmhtfz.mp4,0.9528900384902954
btggyjectf.mp4,0.9823107123374939
btglxmjpxn.mp4,0.988349199295044
btgxrrldio.mp4,0.11411817371845245
btgxrvmrwy.mp4,0.9854722619056702
bthkrdubbz.mp4,0.9893672466278076
btinmklnyn.mp4,0.9735493063926697
btirbpdxwb.mp4,0.9885450601577759
btiwatmwqq.mp4,0.8526689410209656
btiznanugc.mp4,0.9828463196754456
btknugoagq.mp4,0.9798425436019897
btkqjzxhbk.mp4,0.9820869565010071
btlfyxivqz.mp4,0.9899129867553711
btlqqvfuck.mp4,0.35264408588409424
btlxobdodr.mp4,0.964841902256012
btmhnidnpq.mp4,0.9425628185272217
btmwchvxxo.mp4,0.9672178626060486
btmztqmmgb.mp4,0.4485977590084076
btnbabtddl.mp4,0.749310314655304
btnolnefoi.mp4,0.21085138618946075
btnrjiboxc.mp4,0.971153199672699
btootkmwxu.mp4,0.9723055958747864
btpaxvxwid.mp4,0.08535318821668625
btpsqnldul.mp4,0.963109016418457
btqgwrjgwn.mp4,0.9785904884338379
btqktbhalb.mp4,0.3142228126525879
btqqucipfc.mp4,0.9377732276916504
btrnnpruie.mp4,0.9249424338340759
btrtwbssow.mp4,0.7889618277549744
btrzghvcoy.mp4,0.9591221809387207
btsrawjyyo.mp4,0.8027362823486328
bttjrhkjec.mp4,0.9872342944145203
bturisblmo.mp4,0.9898958206176758
btvfmagwff.mp4,0.9873824715614319
btvmjiulnh.mp4,0.9703917503356934
btvxpbzdth.mp4,0.5499445199966431
btweniisjp.mp4,0.9605798125267029
btxgjsonxg.mp4,0.08958964794874191
btxjufhiaz.mp4,0.9086562395095825
btxusvfopn.mp4,0.9864073395729065
btyfnqjhhm.mp4,0.9887704253196716
btypbhkzns.mp4,0.9650642275810242
btyqcbvpmp.mp4,0.7930062413215637
btzdobfdib.mp4,0.9598357081413269
btznklglil.mp4,0.9079380631446838
btzqiokysa.mp4,0.5339592099189758
btzrnskuas.mp4,0.9593543410301208
btzxsegllg.mp4,0.9569745659828186
buadafzmbv.mp4,0.5508477687835693
bubbmjnmge.mp4,0.9757246971130371
bubkdbpjze.mp4,0.9775460958480835
buctvoahji.mp4,0.2630077600479126
budaogjsut.mp4,0.9785928726196289
buejhiahpy.mp4,0.9383565187454224
buellpgdem.mp4,0.9542494416236877
buemqdmdwu.mp4,0.913134753704071
buetnnfjqk.mp4,0.33821621537208557
buezutuhse.mp4,0.8913804888725281
bufechrihn.mp4,0.599516749382019
bufrlvvuuu.mp4,0.1754295378923416
bufwbibdil.mp4,0.8830735683441162
bufwdtjsqq.mp4,0.4888537526130676
bugaupvytx.mp4,0.9794185161590576
bugymqgirs.mp4,0.9852988719940186
buhcfgpuyk.mp4,0.952185332775116
buhiqfnqdw.mp4,0.8234018683433533
buhshnytys.mp4,0.3775991201400757
bujfwowzml.mp4,0.9767324924468994
bujurekuaj.mp4,0.9468489289283752
bukdnrigys.mp4,0.9120874404907227
bukegrztbb.mp4,0.9733669757843018
bukrebcogf.mp4,0.9862561821937561
bukujzbexf.mp4,0.22956140339374542
bulmuhdpit.mp4,0.9898433685302734
bumzkmncht.mp4,0.9642094969749451
bunqceeubj.mp4,0.9687077403068542
bunqneptba.mp4,0.2135552316904068
buopqdpctq.mp4,0.1375262588262558
buottofqbp.mp4,0.9841961860656738
buovtlnzaz.mp4,0.3043149709701538
buphywxmpz.mp4,0.9031482934951782
buqfbklybo.mp4,0.9483080506324768
busedsjyyy.mp4,0.9698053598403931
butcbdayfp.mp4,0.19928497076034546
buttwssduj.mp4,0.8968905210494995
buuxmgfpny.mp4,0.9049326777458191
buvqtyoodn.mp4,0.9518853425979614
buxmjdnowq.mp4,0.9874814748764038
buyniyufbw.mp4,0.9378834962844849
buywrbgfqy.mp4,0.09970536082983017
buzqmuifod.mp4,0.8897189497947693
buzzvnnfkp.mp4,0.9545068144798279
bvaajzstgj.mp4,0.4982505142688751
bvagqyahki.mp4,0.7487707734107971
bvavrwigvx.mp4,0.9628182053565979
bvayvrdpvp.mp4,0.9833205342292786
bvazvhiwji.mp4,0.9749164581298828
bvbekshaej.mp4,0.868566632270813
bvbgrnnbsi.mp4,0.14389534294605255
bvbkmfvscw.mp4,0.9891341924667358
bvbnqnfmed.mp4,0.5629412531852722
bvbrngubgv.mp4,0.9885877370834351
bvbxaenure.mp4,0.9807448387145996
bvcgjefely.mp4,0.9767228364944458
bvchleajgn.mp4,0.9899642467498779
bvdkuotfnw.mp4,0.979008674621582
bvdncdyxls.mp4,0.9390566945075989
bvdtoxlnzp.mp4,0.9305070042610168
bvejtrjahj.mp4,0.9312400817871094
bvfivlvvho.mp4,0.9681586623191833
bvfiynbqar.mp4,0.11072815954685211
bvflkesiug.mp4,0.475318044424057
bvfxnmejnh.mp4,0.9763330221176147
bvhmwphflz.mp4,0.3376694917678833
bvhqmyzqow.mp4,0.954642653465271
bvhtcinegi.mp4,0.9747572541236877
bvibhzfhla.mp4,0.988753080368042
bvigkozalf.mp4,0.9899163246154785
bvimbeuchl.mp4,0.9649282693862915
bvixqdtskk.mp4,0.9410630464553833
bviychitvv.mp4,0.9841720461845398
bvjdckijtv.mp4,0.6388974785804749
bvjdrocsro.mp4,0.7547907829284668
bvjribybbl.mp4,0.9741334319114685
bvkfgeyaif.mp4,0.9281905889511108
bvlehtmqzn.mp4,0.7425014972686768
bvoxyumctv.mp4,0.9893971681594849
bvpqatdnyb.mp4,0.989719808101654
bvqhfltctv.mp4,0.9660648703575134
bvqogultwl.mp4,0.6647977828979492
bvquaufoey.mp4,0.9876075983047485
bvqvuhzzrq.mp4,0.9279497861862183
bvrgsnsqql.mp4,0.94130539894104
bvrhroydzw.mp4,0.8521500825881958
bvstgibbuo.mp4,0.9681522846221924
bvszoquzra.mp4,0.6762570738792419
bvszwamatk.mp4,0.9458698034286499
bvtdgrscfl.mp4,0.935925304889679
bvtltnsjdy.mp4,0.9805524945259094
bvtscpmrlo.mp4,0.9545160531997681
bvujlvvord.mp4,0.4757002294063568
bvvbtgcwxk.mp4,0.9898545145988464
bvvlsicddb.mp4,0.9899584054946899
bvvtplzwnt.mp4,0.46714937686920166
bvwsprcjha.mp4,0.34931954741477966
bvxgwnzdtg.mp4,0.9708186388015747
bvxtphxeku.mp4,0.9874304533004761
bvylomlyys.mp4,0.8968435525894165
bvyvzmnjwd.mp4,0.7960460782051086
bwabxrljfa.mp4,0.9802977442741394
bwaeskbdin.mp4,0.9756402969360352
bwagweehvu.mp4,0.9892202615737915
bwahtlquns.mp4,0.8100964426994324
bwaorjqqwn.mp4,0.8628645539283752
bwdcagaquo.mp4,0.9878368973731995
bwditoozfz.mp4,0.9415041208267212
bwedvpmotz.mp4,0.07558335363864899
bweqhxlrrm.mp4,0.6604824662208557
bwetgseinq.mp4,0.9898577332496643
bwetzcoeor.mp4,0.8276821374893188
bwflusfvxg.mp4,0.9898760914802551
bwfulxdqjx.mp4,0.9900000095367432
bwgsdyeptx.mp4,0.9606313109397888
bwhdmdqwba.mp4,0.6631811857223511
bwhxpexqsw.mp4,0.9223402738571167
bwibhtuldm.mp4,0.3140020966529846
bwitpcpzcd.mp4,0.7045685052871704
bwjzwayrkk.mp4,0.5877397656440735
bwkjzpzamn.mp4,0.9423360228538513
bwkvqzypli.mp4,0.43330103158950806
bwlffzgmgp.mp4,0.9656359553337097
bwlrxzhaew.mp4,0.9817577600479126
bwmbbmtsfi.mp4,0.9900001287460327
bwmqlgmzln.mp4,0.09104835242033005
bwnugdtpui.mp4,0.9661200642585754
bwocxfcknz.mp4,0.9419660568237305
bwopxuzykt.mp4,0.14145110547542572
bwpuxeqbso.mp4,0.9898045659065247
bwqbndignx.mp4,0.9577299952507019
bwqfjaxyjb.mp4,0.7617042064666748
bwqfwesgqk.mp4,0.9806432127952576
bwrdkiirsu.mp4,0.9802023768424988
bwrvwiwdbd.mp4,0.9596334099769592
bwsekuehyo.mp4,0.9831395745277405
bwsfcdhbiw.mp4,0.9899999499320984
bwshqkblkm.mp4,0.984532356262207
bwtgujxyhs.mp4,0.9840590953826904
bwtuvbsgfa.mp4,0.33691513538360596
bwtywzusnc.mp4,0.9305808544158936
bwuqunogsd.mp4,0.9136584997177124
bwuvkociif.mp4,0.9553949236869812
bwvzxzumop.mp4,0.9899881482124329
bwwcmftycf.mp4,0.9393602013587952
bwwdvjtzzp.mp4,0.7497708201408386
bwwxahlxhr.mp4,0.9414668083190918
bwwxcxbqlq.mp4,0.8814161419868469
bwwynencjv.mp4,0.9880845546722412
bwxcxqmuyo.mp4,0.6400390863418579
bwxfakgakt.mp4,0.7937295436859131
bwxkyqwwcb.mp4,0.9343870282173157
bwxpsmsefj.mp4,0.9716609120368958
bwxwlgbkal.mp4,0.8579252362251282
bwxwuttmul.mp4,0.9388617873191833
bwxxgqzihu.mp4,0.9873384237289429
bwykciwlwm.mp4,0.6533638834953308
bwyvrcczte.mp4,0.9020823836326599
bwywgggeen.mp4,0.791511595249176
bwywukcbwc.mp4,0.09867390245199203
bxajwykzqi.mp4,0.9886584281921387
bxbfpzbkwl.mp4,0.9774222373962402
bxcmqokvfk.mp4,0.9778404831886292
bxctqseswc.mp4,0.8308162093162537
bxdyjejzht.mp4,0.9643341898918152
bxefyimnqr.mp4,0.9073646068572998
bxeprijnls.mp4,0.9833381772041321
bxeyjgwycq.mp4,0.9810328483581543
bxfnvvwjvc.mp4,0.7702587842941284
bxfwiuvafo.mp4,0.8692647814750671
bxgesmkqrs.mp4,0.9382333755493164
bxgxbipxxu.mp4,0.887160062789917
bxhyaulwtg.mp4,0.07279051840305328
bxjwspywsy.mp4,0.892967939376831
bxkalrcdyx.mp4,0.8494530916213989
bxldffbnsq.mp4,0.9426979422569275
bxlhwmsfmt.mp4,0.9815329909324646
bxnwhbnjnp.mp4,0.987970769405365
bxnzbjlgsx.mp4,0.9900000095367432
bxoerjwing.mp4,0.799841046333313
bxoqjcxxtk.mp4,0.7719869613647461
bxqercyauk.mp4,0.9186175465583801
bxqgvzamnx.mp4,0.12405210733413696
bxqwzqvtym.mp4,0.8365676999092102
bxrpqqvpfk.mp4,0.8086596727371216
bxsdnqizii.mp4,0.34673336148262024
bxswfhqcbc.mp4,0.49001163244247437
bxswpxalxm.mp4,0.9024662971496582
bxtayevhbw.mp4,0.9899999499320984
bxujrixvnt.mp4,0.9266642332077026
bxxovxktqn.mp4,0.9614974856376648
bxxucoyrxf.mp4,0.9866893887519836
bxzsqcfbjs.mp4,0.9900000095367432
bxzzmbhwiu.mp4,0.9090234041213989
byajlgbxeb.mp4,0.9900000691413879
byavookkdu.mp4,0.9200859665870667
bybazuaxcd.mp4,0.9639409780502319
bybudefjsm.mp4,0.9878353476524353
bycahicdry.mp4,0.9826372861862183
bycyalhlxv.mp4,0.984234631061554
byeisklyzt.mp4,0.9896764755249023
byfappkcff.mp4,0.989069938659668
byfdhsjrkt.mp4,0.8504884839057922
bygbpfunju.mp4,0.8095553517341614
bygcjtxpzt.mp4,0.6785503625869751
bygliesdxg.mp4,0.9582348465919495
bygmwmgzne.mp4,0.9900000095367432
byhcnbxbhc.mp4,0.9590677618980408
byhfdzwppd.mp4,0.9900001287460327
byhnpxstqf.mp4,0.9900000095367432
byiminimdm.mp4,0.8861221075057983
byivdbmffg.mp4,0.983420729637146
byjoihgsaq.mp4,0.7122344374656677
byjuufxrwl.mp4,0.9857300519943237
bykbyvzxog.mp4,0.2192302644252777
bykjvweucb.mp4,0.8789138793945312
byldztfret.mp4,0.19410794973373413
bylkmqbkkz.mp4,0.8965670466423035
bylpobinsn.mp4,0.9854715466499329
bymdnvzzvf.mp4,0.10920032858848572
bymiurlofm.mp4,0.6572781205177307
bynjfympwi.mp4,0.5290696620941162
bynwaqcgnj.mp4,0.9662021994590759
bynyqmbonf.mp4,0.980634331703186
byocokuicb.mp4,0.960739254951477
byorayoofg.mp4,0.9838763475418091
bypnfnyrcl.mp4,0.9833644032478333
byqvbitrlo.mp4,0.9365626573562622
byrbgeowil.mp4,0.9008533954620361
byrclwttja.mp4,0.9824865460395813
byrjdpnkhz.mp4,0.19530971348285675
bytiwsyfjr.mp4,0.9806084632873535
bytzlcfmqy.mp4,0.905577540397644
byusjuglvw.mp4,0.7284196615219116
byuzgbyyrs.mp4,0.07601235061883926
byvgilzydb.mp4,0.9666591882705688
byvglwkkoc.mp4,0.9828636050224304
byvnucyqov.mp4,0.9778153896331787
byvsfehvwc.mp4,0.8570559620857239
bywkfvypwj.mp4,0.989247739315033
bywkznbyha.mp4,0.8169289827346802
byxasxlnqy.mp4,0.9854456186294556
byxbsuazip.mp4,0.8251550197601318
byxgtvarwn.mp4,0.7254030704498291
byxkpgcpzq.mp4,0.986518144607544
byxuznmdfc.mp4,0.9827442169189453
byzdqbsjhs.mp4,0.9885989427566528
byzhqvspaz.mp4,0.1394660323858261
byzqulbpmw.mp4,0.9817870855331421
byzsrsnsva.mp4,0.9403305649757385
bzadvtcrbc.mp4,0.6282262802124023
bzagvgsgrf.mp4,0.49175578355789185
bzaqomdlim.mp4,0.49365633726119995
bzbmbnulzr.mp4,0.5160782337188721
bzbmowfkgs.mp4,0.9878568053245544
bzbtqgbrdl.mp4,0.9830405116081238
bzbvxuhvmj.mp4,0.9400909543037415
bzbvyrxzki.mp4,0.9680526852607727
bzcllqzvps.mp4,0.9892911314964294
bzcuildyyg.mp4,0.9846193194389343
bzcytcuhwh.mp4,0.9570452570915222
bzdhpjxqbp.mp4,0.9754454493522644
bzdywpajvr.mp4,0.748437225818634
bzenjqbqag.mp4,0.8707643747329712
bzexfqueet.mp4,0.9670642018318176
bzfwuhytjx.mp4,0.12599658966064453
bzgbexteux.mp4,0.9832973480224609
bzhchxiwlf.mp4,0.9882045388221741
bzhxqsgtyb.mp4,0.9900000095367432
bzifuhigbw.mp4,0.988712728023529
bziiryxwqb.mp4,0.9878472089767456
bzizbjayot.mp4,0.9811121821403503
bzkcxleaos.mp4,0.1660744547843933
bzkgdqauwi.mp4,0.9712480306625366
bzktkihnst.mp4,0.9896153211593628
bzkwftgenj.mp4,0.1248038038611412
bzkyhbjpbz.mp4,0.0652749314904213
bzmkdtmpch.mp4,0.9239882230758667
bzmucsxecs.mp4,0.6686701774597168
bznqlkvooi.mp4,0.9343063235282898
bznvpsqshz.mp4,0.2678304612636566
bzobkqewtt.mp4,0.9875643253326416
bzohuudija.mp4,0.9540085196495056
bzonnzpmxa.mp4,0.9777107238769531
bzpakhiczx.mp4,0.9868915677070618
bzprpvomfu.mp4,0.9874740242958069
bzpyicwhcr.mp4,0.8150222897529602
bzqfrfmgzb.mp4,0.6298393607139587
bzqkplrsnt.mp4,0.9826056361198425
bzqsqecznf.mp4,0.979369580745697
bzriviqbdr.mp4,0.9797572493553162
bzsdvoxjzz.mp4,0.9899999499320984
bzsnkjzneg.mp4,0.9132739901542664
bzswtcvvak.mp4,0.9513255953788757
bzsxxqcyny.mp4,0.9735275506973267
bztufjtujr.mp4,0.9880819916725159
bzvkhvjaeo.mp4,0.9843971133232117
bzvlmeobfl.mp4,0.1037299707531929
bzwicfdrmu.mp4,0.380150705575943
bzxefrmihn.mp4,0.9730657339096069
bzxgrvhkiz.mp4,0.955106794834137
bzymycufbd.mp4,0.9678588509559631
bzypdvmjsf.mp4,0.9848765730857849
bzzovdtlpc.mp4,0.9246344566345215
bzzvxykyza.mp4,0.6832110285758972
caanukzrlh.mp4,0.4574979543685913
cabhgzgpba.mp4,0.3193550109863281
cabjaiwamo.mp4,0.9422749280929565
cabuhwkols.mp4,0.9882910847663879
cacaalogqa.mp4,0.7893625497817993
cacdswmrdp.mp4,0.36990031599998474
cadunqdqla.mp4,0.8930917382240295
caehfiqwkj.mp4,0.7861807942390442
caeyzwnpor.mp4,0.945203959941864
cafsyijwpm.mp4,0.9835277795791626
cagoqwiopu.mp4,0.9857344627380371
cagtrwvmbf.mp4,0.8976927995681763
cahbpophdl.mp4,0.8956971764564514
cahxxqxnto.mp4,0.982147216796875
caiawngylm.mp4,0.8583887815475464
caikegrhfs.mp4,0.1451246440410614
caiunsnquf.mp4,0.9393042325973511
cajtodmmwx.mp4,0.9899649620056152
cajxctvlfj.mp4,0.7698198556900024
calgsvuncg.mp4,0.8133138418197632
calnloxfdm.mp4,0.9577854871749878
calqcklglq.mp4,0.9899712800979614
calwihtnjm.mp4,0.9192203879356384
cambmhacur.mp4,0.9900000095367432
camjjcxnhk.mp4,0.9881973266601562
canjrymigo.mp4,0.9897846579551697
canptnddwm.mp4,0.9409332871437073
caohlfazlx.mp4,0.24145033955574036
caperzzilq.mp4,0.5170209407806396
caphzofvrj.mp4,0.14185428619384766
caplninunw.mp4,0.7263746857643127
caqderfjql.mp4,0.9615887403488159
caqrutmoif.mp4,0.3992001414299011
caqwaugebu.mp4,0.9900000095367432
carqvcydoc.mp4,0.9900001287460327
carvrcfwwu.mp4,0.9863266348838806
catdhymrfz.mp4,0.13350191712379456
cathvygbkb.mp4,0.9468644857406616
catwfsejfc.mp4,0.9896222949028015
cauthxezhw.mp4,0.7562785148620605
cavvofhzgz.mp4,0.9573895931243896
caxdhwpyww.mp4,0.8209104537963867
caxsyphmru.mp4,0.9740132093429565
caybvafaow.mp4,0.9154911041259766
caydsjdmfw.mp4,0.9900001287460327
caygzclxfm.mp4,0.7445580959320068
cayjarbgsx.mp4,0.9863958954811096
cayliwbhpq.mp4,0.4697818160057068
caypwrfwar.mp4,0.9848328828811646
cazhchqjke.mp4,0.9667641520500183
caznfplucs.mp4,0.15995481610298157
cbanufeqzb.mp4,0.9804298281669617
cbaubihobq.mp4,0.14515899121761322
cbbkxznyfe.mp4,0.9874959588050842
cbbmihedlz.mp4,0.1805802583694458
cbbugjbzwq.mp4,0.48940929770469666
cbcjilnpfa.mp4,0.9853432774543762
cbcjuhdped.mp4,0.7213490009307861
cbdkwabria.mp4,0.9859405159950256
cbdnonogrk.mp4,0.6415645480155945
cbdquwkipe.mp4,0.12019074708223343
cbdsqeqqgw.mp4,0.989999532699585
cbebeaznzy.mp4,0.16726979613304138
cbergyymhr.mp4,0.9777619242668152
cbezijagez.mp4,0.6815392971038818
cbffzyuzmb.mp4,0.25395727157592773
cbfvkzmyus.mp4,0.9779404401779175
cbgcrtddef.mp4,0.781791090965271
cbhqylgtxg.mp4,0.9814764857292175
cbieewabwp.mp4,0.9571602940559387
cbiqnvszuw.mp4,0.9733434319496155
cbjztcfamt.mp4,0.2510550022125244
cbkaohrtkz.mp4,0.9245793223381042
cbkojiiyes.mp4,0.8113726377487183
cbkpffismt.mp4,0.9808485507965088
cbkuuhtttt.mp4,0.8438727855682373
cblcntsvln.mp4,0.41506195068359375
cblquvzvyl.mp4,0.9825573563575745
cbntmghmkn.mp4,0.9868600368499756
cboefaupik.mp4,0.9526158571243286
cborltcwhi.mp4,0.9899613857269287
cboztpdgxt.mp4,0.20550766587257385
cbpjvmtmzx.mp4,0.6320126056671143
cbqdpfnktj.mp4,0.1074669137597084
cbqfgqronr.mp4,0.924261748790741
cbqteothjv.mp4,0.9898450374603271
cbrlmpovtt.mp4,0.9900001287460327
cbsefmnkpy.mp4,0.10550463944673538
cbsskjhefa.mp4,0.9365271329879761
cbtgceekxe.mp4,0.13621287047863007
cbueuqdcth.mp4,0.23303329944610596
cbvqvlydjm.mp4,0.9888280034065247
cbwsdexwwm.mp4,0.9900000095367432
cbxlwnkrpz.mp4,0.9209243059158325
cbxphbzrvy.mp4,0.9645470380783081
cbxtulzkxr.mp4,0.7343003153800964
cbxvvgybsy.mp4,0.9843469262123108
cbxyzwaoal.mp4,0.9868296980857849
cbzdfewrhy.mp4,0.9440913796424866
ccafjjfqid.mp4,0.0826709121465683
ccaihvldle.mp4,0.925138533115387
ccakgpvupa.mp4,0.9127874374389648
ccbnlgdfjs.mp4,0.9561254382133484
ccboyxnmtw.mp4,0.9900001287460327
ccbsknxdyc.mp4,0.9808838367462158
cccdhhehej.mp4,0.9900000095367432
cccwbhcnwe.mp4,0.17890234291553497
ccdgiezfdv.mp4,0.7425079941749573
ccdhupjnbm.mp4,0.9677346348762512
ccdidtvycw.mp4,0.9609474539756775
ccdlnpaaki.mp4,0.8571094870567322
ccdpnwqbal.mp4,0.8767099380493164
ccdpvedhkd.mp4,0.9345867037773132
ccdxkfjwdc.mp4,0.9900000095367432
cceqjxezdw.mp4,0.9846634268760681
ccesiweode.mp4,0.9517164826393127
ccevbixrwu.mp4,0.3389848470687866
ccfhogoqpm.mp4,0.9512444734573364
ccfloicpbc.mp4,0.9892489314079285
ccftfhdfnn.mp4,0.5570429563522339
ccfvwveyfl.mp4,0.9457867741584778
ccfyxpgstu.mp4,0.982480525970459
ccgbzvaicj.mp4,0.19171200692653656
ccggjgnzws.mp4,0.9898677468299866
ccggqzuotg.mp4,0.9717767238616943
cchbkkgxts.mp4,0.3192616403102875
cchfwuzqmn.mp4,0.9763645529747009
cchjuvkwhi.mp4,0.6938568353652954
cciabaezvr.mp4,0.985231339931488
ccihgtfigm.mp4,0.5372725129127502
ccipcmxaef.mp4,0.5
ccjbwowrzr.mp4,0.9514451622962952
ccjdqupbqr.mp4,0.2836713492870331
ccjrrkbxjg.mp4,0.7462825179100037
ccjwpkwdtx.mp4,0.9648979306221008
cckzuzizjm.mp4,0.9820290803909302
cclusswnlb.mp4,0.8560886383056641
ccmpbioauu.mp4,0.3059273660182953
ccnmwmmoaq.mp4,0.6882784962654114
ccpnakarci.mp4,0.7546866536140442
ccpwkvdjir.mp4,0.13512513041496277
ccpxfwqifj.mp4,0.2874211370944977
ccpzqqemva.mp4,0.9894784688949585
ccqspukmcr.mp4,0.8737367987632751
ccqvrbikis.mp4,0.1832113265991211
ccrtvyylwu.mp4,0.9253445267677307
ccsohxdeyz.mp4,0.8885512351989746
cctpcnsfka.mp4,0.2760499119758606
ccufwwpkrc.mp4,0.858275830745697
ccuptgcaex.mp4,0.9896005988121033
ccvgsjbwmz.mp4,0.8888728618621826
ccxqrysmxj.mp4,0.9173344373703003
ccxtpaqpsc.mp4,0.9539875388145447
ccyphmrxrf.mp4,0.9315311908721924
ccyykriupf.mp4,0.9548850655555725
ccyymgragw.mp4,0.9851178526878357
ccyywzfvii.mp4,0.13794882595539093
cczexzhuou.mp4,0.6594754457473755
ccziopimrm.mp4,0.9361177682876587
cczirkefmi.mp4,0.16872358322143555
cczxmsfutp.mp4,0.9811275005340576
cdadymfdql.mp4,0.9899999499320984
cdbjpehdnv.mp4,0.9881937503814697
cddckmwrdc.mp4,0.9780176281929016
cddghncyfn.mp4,0.9844057559967041
cddqkogvva.mp4,0.6993496417999268
cddykxfiii.mp4,0.9858553409576416
cdeesuuuqz.mp4,0.15064725279808044
cdelzdhqpc.mp4,0.98505038022995
cdenhadzhi.mp4,0.9580393433570862
cdffygfgcz.mp4,0.20405353605747223
cdfvyezjis.mp4,0.9900000095367432
cdgsptpqet.mp4,0.15937693417072296
cdgulhthen.mp4,0.9593741297721863
cdhdwtdbpe.mp4,0.1846909373998642
cdhiogrmhb.mp4,0.6334075331687927
cdhqahmfqo.mp4,0.17550624907016754
cdigrftghi.mp4,0.7830245494842529
cdjglvxapn.mp4,0.5027607679367065
cdjisxdgbq.mp4,0.9850558042526245
cdketmfmnm.mp4,0.17831303179264069
cdkniwszmf.mp4,0.7197716236114502
cdlusurrps.mp4,0.9568860530853271
cdnizjybej.mp4,0.9835468530654907
cdnookrehk.mp4,0.988341212272644
cdnzwnhxle.mp4,0.7636747360229492
cdomdwytdp.mp4,0.987141489982605
cdosaiyoln.mp4,0.9860067963600159
cdpnnebwfa.mp4,0.8791376352310181
cdrdflgopu.mp4,0.4284192621707916
cdrktlivps.mp4,0.6029270887374878
cdrxdvdxwt.mp4,0.1611257940530777
cdslfmsvir.mp4,0.9793082475662231
cdspzxitmn.mp4,0.8405057787895203
cdtvurrrzb.mp4,0.9853264093399048
cdubvdkuby.mp4,0.41858527064323425
cdubynoclz.mp4,0.36411795020103455
cduovsffmz.mp4,0.9700092673301697
cdutdcaovc.mp4,0.8368353247642517
cduujihlvh.mp4,0.44830891489982605
cduxnbnejb.mp4,0.9897873997688293
cdwhtpnuia.mp4,0.07532812654972076
cdwtzresja.mp4,0.9829017519950867
cdxktalois.mp4,0.9891180992126465
cdxowomrhk.mp4,0.21593187749385834
cdxxenjwam.mp4,0.07635760307312012
cdyoiiuszk.mp4,0.9866437315940857
cdyxbkszli.mp4,0.8582286238670349
cdzjzjavcc.mp4,0.911114513874054
cdzxeitqld.mp4,0.9899998903274536
ceajctiezl.mp4,0.9610137343406677
cebbgoldtx.mp4,0.9730291962623596
cebpfewlbd.mp4,0.9671659469604492
cebtyutbtn.mp4,0.9871182441711426
cedilmtdmi.mp4,0.986291766166687
cedlqcxazg.mp4,0.9861213564872742
cedneyiutj.mp4,0.9574779868125916
cedpyannqf.mp4,0.30765238404273987
cedpzscejx.mp4,0.6290527582168579
ceeggdnwek.mp4,0.9856144785881042
ceelmfvdxi.mp4,0.8526240587234497
ceeutxgbzd.mp4,0.9870229959487915
ceezfxqjrt.mp4,0.8154470324516296
ceffvfqkyb.mp4,0.9629692435264587
cefolmrrlx.mp4,0.4784252643585205
cefqtwwdir.mp4,0.9899999499320984
cegdayfefc.mp4,0.9861584305763245
cehtpjzpes.mp4,0.9568940997123718
ceiaeqrsvl.mp4,0.9732770919799805
ceirhouonh.mp4,0.7881877422332764
cejcybcemu.mp4,0.9659906625747681
cejimtkdoq.mp4,0.06746483594179153
ceketlqsrm.mp4,0.607720673084259
celpgkvgpb.mp4,0.9838153123855591
celyntkwbj.mp4,0.9718005061149597
cemickbskt.mp4,0.9475143551826477
cemkckfnfn.mp4,0.3968140184879303
cemtyyxdti.mp4,0.9561010599136353
cenmgmzjqp.mp4,0.9873623847961426
ceotvqfajr.mp4,0.954609751701355
ceoyuhoxof.mp4,0.9383547306060791
cepqcoseaj.mp4,0.3900514841079712
cepsnuvlqu.mp4,0.9856902956962585
ceqmqgzewb.mp4,0.9796615839004517
cerwxjqsmv.mp4,0.9199598431587219
cesgmngaco.mp4,0.9532132148742676
cesiuumrwj.mp4,0.9442583322525024
cesyydepjw.mp4,0.92808997631073
cetjuevdbj.mp4,0.9865164756774902
cetnkjijcl.mp4,0.9753968119621277
ceufzuzydq.mp4,0.9883831739425659
ceuvcoplbs.mp4,0.7876058220863342
cevrqoqrpm.mp4,0.9854846000671387
cewalfidka.mp4,0.4593559503555298
cewbjmqyic.mp4,0.981955349445343
cexmizogbp.mp4,0.27616646885871887
ceyewzqnup.mp4,0.9860411286354065
ceyvswmikv.mp4,0.29632073640823364
cfaelcvldo.mp4,0.7304835319519043
cfcjjaembf.mp4,0.9741511940956116
cfcrgdvupt.mp4,0.9899999499320984
cfdlyhelif.mp4,0.9793531894683838
cfeccumoiy.mp4,0.987643301486969
cfegjchptu.mp4,0.989359438419342
cfepgwphfx.mp4,0.9897156953811646
cffobunthq.mp4,0.989759087562561
cfgvdxxrwb.mp4,0.21341988444328308
cfhoqpdzqb.mp4,0.9485651254653931
cfijmnlmjz.mp4,0.4261959493160248
cfiwjsjltu.mp4,0.5366199612617493
cfjfplnbrd.mp4,0.9614970088005066
cfjfyptzwn.mp4,0.9860373139381409
cfjvctusjp.mp4,0.7755681276321411
cfkbnqpbpm.mp4,0.6014283895492554
cfkjxylprk.mp4,0.9880664348602295
cfkodaajhv.mp4,0.9865400791168213
cflajhyjwz.mp4,0.9528505206108093
cfmiliboth.mp4,0.9898446202278137
cfmjwmqgjd.mp4,0.9880802631378174
cfmnirsgxs.mp4,0.12652991712093353
cfmskgcrrm.mp4,0.976486086845398
cfmxdisump.mp4,0.8936631083488464
cfmxhruvov.mp4,0.2136877030134201
cfnbltpvbr.mp4,0.9344439506530762
cfnlqhqhvp.mp4,0.9766610264778137
cfogjeundg.mp4,0.7954723238945007
cfozboeyaq.mp4,0.8745597004890442
cfpblexucf.mp4,0.9847250580787659
cfpwugwvjj.mp4,0.9784307479858398
cfqmnjcuwa.mp4,0.1052616760134697
cfqnmpqyrv.mp4,0.9735097289085388
cfrdfuunan.mp4,0.9518202543258667
cfryhrtbkr.mp4,0.9872853755950928
cfsdvzrckg.mp4,0.9856329560279846
cfskcbujka.mp4,0.9425405263900757
cftaeufnmp.mp4,0.9900001883506775
cftlnhvkjm.mp4,0.9813294410705566
cfuilgjref.mp4,0.28910115361213684
cfuwvsrylm.mp4,0.9048172235488892
cfvdlhypmw.mp4,0.9689425230026245
cfvdrawtgq.mp4,0.18199147284030914
cfwdlimdjk.mp4,0.9767669439315796
cfwjfzjdby.mp4,0.9896727800369263
cfwjpthcpu.mp4,0.9871417284011841
cfwsamzybv.mp4,0.9863566160202026
cfxypsulos.mp4,0.9621466994285583
cfzfhvyrsr.mp4,0.7715430855751038
cgakuqkotg.mp4,0.9544486403465271
cgaoujuasi.mp4,0.8489731550216675
cgauqjrqrb.mp4,0.10845185071229935
cgbcoyyuhn.mp4,0.9887160062789917
cgbfmokzmf.mp4,0.8831082582473755
cgbjtfbljp.mp4,0.9514302611351013
cgcfrcephg.mp4,0.9511652588844299
cgcmdddbch.mp4,0.9858179092407227
cgdpimxyqd.mp4,0.9465572237968445
cgdrflfmom.mp4,0.9894334673881531
cgebtadovo.mp4,0.7421680688858032
cgefriykjw.mp4,0.3475825786590576
cgejubwayd.mp4,0.9190221428871155
cgetledlxm.mp4,0.8664493560791016
cggdptapsj.mp4,0.9335299730300903
cggngboudt.mp4,0.9871267080307007
cgheccdlif.mp4,0.26214930415153503
cghklgzlau.mp4,0.1326654702425003
cghmcisqjh.mp4,0.16894161701202393
cgifdoaosl.mp4,0.9762470722198486
cgirwxsied.mp4,0.9662427306175232
cgjmjdenqi.mp4,0.43731677532196045
cgjqegcfvz.mp4,0.9824188947677612
cgkkwecgjq.mp4,0.9750900864601135
cgksdoyyxv.mp4,0.6356827020645142
cgkuwkbpsx.mp4,0.988786518573761
cglpyitrzw.mp4,0.8607156276702881
cgmcrovuwg.mp4,0.2347644865512848
cgmrbwbsmr.mp4,0.9889519810676575
cgntouozbs.mp4,0.9900000691413879
cgomfzqjeu.mp4,0.9894428253173828
cgoqhidgvq.mp4,0.1521584689617157
cgpoltonnr.mp4,0.963811457157135
cgqnxavvus.mp4,0.9860312938690186
cgrgytpdjg.mp4,0.9734680652618408
cgshwqygpt.mp4,0.9742910861968994
cgswtobqsw.mp4,0.8841743469238281
cgtazaiapf.mp4,0.9900000691413879
cgtfmnnfrw.mp4,0.9708991646766663
cgttnbybei.mp4,0.9715530872344971
cgttzpagqf.mp4,0.9831381440162659
cguelfepci.mp4,0.9804494380950928
cguelxskll.mp4,0.7406399250030518
cguwnxrdgl.mp4,0.9522807598114014
cgvffsrefc.mp4,0.22594405710697174
cgvgfncfzs.mp4,0.9861831665039062
cgvnxghqbl.mp4,0.9899404048919678
cgvwhhfpha.mp4,0.9588831067085266
cgvxnadtdm.mp4,0.983447253704071
cgwwzjscib.mp4,0.989812970161438
cgxbvngoek.mp4,0.9896479249000549
cgxruwoaqc.mp4,0.9797353148460388
cgxsxdllit.mp4,0.9726287722587585
cgxvgsgzco.mp4,0.4075072109699249
cgyficbwoe.mp4,0.8673909306526184
cgyfydvyyx.mp4,0.9541434049606323
cgyglkqfut.mp4,0.9750071167945862
cgzxxjamqy.mp4,0.9570305943489075
chaintznsk.mp4,0.9892410039901733
chajgyysle.mp4,0.9658735990524292
chbjetguwl.mp4,0.9730888605117798
chbmstljzm.mp4,0.988513708114624
chdvhlhaiq.mp4,0.6949664354324341
chdwmbuyle.mp4,0.9889028668403625
chehvhrqyg.mp4,0.8841099739074707
chfonbvkxq.mp4,0.9741045236587524
chgdwwwgrq.mp4,0.9413425922393799
chgkcdtkhw.mp4,0.11152052134275436
chhdhwehot.mp4,0.989414632320404
chhfxazpav.mp4,0.5393543243408203
chhqtdxurz.mp4,0.1148706004023552
chhzoxcvhl.mp4,0.8835458159446716
chibbtchnd.mp4,0.10759240388870239
chipvomngq.mp4,0.08101964741945267
chiyetcxfu.mp4,0.9838433861732483
chjatzdqcl.mp4,0.5397537350654602
chjpflakmt.mp4,0.9440088272094727
chkwjaamct.mp4,0.9416338205337524
chlrkevtxa.mp4,0.7980518937110901
chlshvbday.mp4,0.7372788190841675
chmcianbdf.mp4,0.9850102663040161
chmjkdgtyx.mp4,0.21779949963092804
chmomgbvyf.mp4,0.9427611231803894
chmwoofpir.mp4,0.9870198965072632
chnbexdyhq.mp4,0.11447235941886902
chnejmuaqs.mp4,0.7928746938705444
chnhlsjyxb.mp4,0.949328601360321
chnkxknmbq.mp4,0.8938083052635193
chombbeegs.mp4,0.8786459565162659
choosfntwb.mp4,0.9076735377311707
chowsoaunb.mp4,0.8918576240539551
chpcotzlpx.mp4,0.9629620313644409
chppuauksa.mp4,0.13066278398036957
chqleyudul.mp4,0.9076544642448425
chsyitbssl.mp4,0.9296140670776367
chtgkrlbek.mp4,0.988898515701294
chtslmxyax.mp4,0.9873701333999634
chudhiiygb.mp4,0.2590406835079193
chuiqnmuwo.mp4,0.9792476892471313
chujiurbqs.mp4,0.9889909625053406
chukujgyvi.mp4,0.10079599916934967
chupatlkxc.mp4,0.8108704686164856
chupyqxggc.mp4,0.9783197045326233
chuqdswyhh.mp4,0.6078165769577026
chwmwqiisa.mp4,0.989241898059845
chwqafjhkr.mp4,0.39339330792427063
chxbbhvgjh.mp4,0.9899999499320984
chxgwiaujv.mp4,0.8081216216087341
chyfmhbvbi.mp4,0.1481444388628006
chygufblpo.mp4,0.9865955710411072
chyxqupfqy.mp4,0.9624527096748352
chzbutmizx.mp4,0.25036394596099854
chzpclvkvg.mp4,0.9787390828132629
ciacypsucq.mp4,0.9518453478813171
ciajjlkqpo.mp4,0.11068001389503479
cibhriqswz.mp4,0.37797611951828003
cidafzafml.mp4,0.11633800715208054
cidhdrfcbe.mp4,0.9860948324203491
cidujokplp.mp4,0.8889546990394592
cieecwrewu.mp4,0.18135525286197662
ciepqxjamz.mp4,0.9900001287460327
ciewuhazfw.mp4,0.8522554039955139
cifsgbnvrx.mp4,0.1318303942680359
cifvbemfhi.mp4,0.8152682781219482
cigchlqmkp.mp4,0.8689568042755127
cihbvwgicn.mp4,0.7947427034378052
cihqsivbtq.mp4,0.9873366355895996
cihurvzgbh.mp4,0.9899852275848389
ciijjqsrto.mp4,0.30457791686058044
cijqgyeubp.mp4,0.9657721519470215
cikgroaccw.mp4,0.14019523561000824
cikibrhzja.mp4,0.3441289961338043
cilnawgeah.mp4,0.357045978307724
cilnlmkzqz.mp4,0.9719743132591248
ciluwvyjbk.mp4,0.9841307997703552
cimfjgnans.mp4,0.9873428344726562
cimlotvwxy.mp4,0.9869693517684937
cimmouewvu.mp4,0.9233391880989075
cingpunobd.mp4,0.9899715185165405
ciniwjlhit.mp4,0.9698670506477356
cinjqeodep.mp4,0.6410408616065979
cinrseylyp.mp4,0.941645622253418
ciofvmjkdw.mp4,0.8658217191696167
cipbjqtdfa.mp4,0.951299250125885
ciphtizqbs.mp4,0.2884717881679535
cipjezpcti.mp4,0.9899904131889343
ciqrvmazdq.mp4,0.7304648160934448
cisanwqtaq.mp4,0.9900000095367432
cisatzdpcs.mp4,0.0701618492603302
cishdivhvc.mp4,0.9748207330703735
cismesuomc.mp4,0.9633364677429199
cisyhndlli.mp4,0.9060447216033936
cithuwasbk.mp4,0.9900000095367432
citotkokpc.mp4,0.9558054804801941
ciufbwnbko.mp4,0.9793605208396912
ciuwvrkjpy.mp4,0.9777361750602722
civfnvmgog.mp4,0.9539117217063904
ciwzwmlyxz.mp4,0.98797208070755
cixobvpgwk.mp4,0.9816085696220398
cixshbsmix.mp4,0.8863782286643982
cixsuhxaot.mp4,0.8660919070243835
ciypszaqje.mp4,0.9075139164924622
ciyvpljyvt.mp4,0.19726739823818207
cizkoevvax.mp4,0.9620481729507446
cizlladvwf.mp4,0.9752053618431091
cizxmeztny.mp4,0.9821866154670715
cjaiskhrsh.mp4,0.17202211916446686
cjaqstlzkb.mp4,0.9841611385345459
cjbcbkhtni.mp4,0.9900000691413879
cjcneqgjba.mp4,0.9169644117355347
cjfnkuulch.mp4,0.8769502639770508
cjfxvoqehy.mp4,0.9732242822647095
cjgmkstamu.mp4,0.11717559397220612
cjgozeokwu.mp4,0.7705966234207153
cjhudarkzv.mp4,0.9884783625602722
cjiwxfwcit.mp4,0.9012619853019714
cjjkfuqaee.mp4,0.9858832359313965
cjkctgykua.mp4,0.9889310598373413
cjldjpzxzb.mp4,0.8333783149719238
cjldpugnxb.mp4,0.939019501209259
cjmfuasyog.mp4,0.9795086979866028
cjmzyaylfj.mp4,0.9896683692932129
cjnfiihawm.mp4,0.9823368787765503
cjorckqkcn.mp4,0.786363422870636
cjoszlysnr.mp4,0.9220706224441528
cjoxtbrenc.mp4,0.9900000691413879
cjpdbowxbt.mp4,0.9899999499320984
cjpfsoagsm.mp4,0.7967752814292908
cjptajsjfh.mp4,0.9753832817077637
cjqvoprhav.mp4,0.3492578864097595
cjricjqzwh.mp4,0.8853390216827393
cjrtufpftt.mp4,0.9633521437644958
cjrxquwhtp.mp4,0.8771904110908508
cjrzklaqjt.mp4,0.6436342000961304
cjtdvfiwui.mp4,0.9671079516410828
cjtnjjfqhx.mp4,0.8697153329849243
cjuqcwkxkz.mp4,0.7245055437088013
cjuyjjiizm.mp4,0.553442120552063
cjvauezybx.mp4,0.8692237734794617
cjwpszyzar.mp4,0.9037574529647827
cjwyfughav.mp4,0.933789074420929
cjxqxerjer.mp4,0.979470431804657
cjyqqdurec.mp4,0.21148370206356049
cjzaphxcwi.mp4,0.9253268837928772
ckadtcipgr.mp4,0.2569723427295685
ckbdjpflsu.mp4,0.2138066589832306
ckcsmgxnbr.mp4,0.9882674217224121
ckdamfrafe.mp4,0.09979844093322754
ckechbyzit.mp4,0.9898664355278015
ckedkayawm.mp4,0.6743935346603394
ckewjamoaq.mp4,0.5164781212806702
ckfiodyxbq.mp4,0.7922837734222412
ckgabgjnca.mp4,0.14069384336471558
ckgsjlswpm.mp4,0.892460286617279
ckgtfnhxaw.mp4,0.9692691564559937
ckhiqguxzt.mp4,0.9900000095367432
ckhjteceto.mp4,0.9886108040809631
ckiovbrsdf.mp4,0.9889951348304749
ckjctlogrm.mp4,0.989700973033905
ckjpnsrkue.mp4,0.9117878675460815
ckkyjknfqa.mp4,0.989325225353241
ckmahvimru.mp4,0.9899999499320984
cknqoxgbru.mp4,0.9854742884635925
ckokvqjebx.mp4,0.9836082458496094
ckpkmybeox.mp4,0.9560917019844055
ckpqmqcbms.mp4,0.989689826965332
ckpzdejlzb.mp4,0.9895153045654297
ckqfqernbf.mp4,0.15618064999580383
ckqpzpsnku.mp4,0.96669602394104
ckreyvmlgz.mp4,0.9883200526237488
ckronlxbzr.mp4,0.5693253874778748
cksfcfaegh.mp4,0.9642224311828613
cksjhegwyq.mp4,0.9757751822471619
cksxlgdxuh.mp4,0.802065372467041
cktraanpyu.mp4,0.987602949142456
cktsyobheu.mp4,0.6265652179718018
ckubrpacib.mp4,0.861711859703064
ckuklkwpkk.mp4,0.9763959050178528
ckuqkzmkyd.mp4,0.9894866347312927
ckuyocuenw.mp4,0.9726645946502686
ckwteckxaq.mp4,0.8573326468467712
ckxeznxxop.mp4,0.9900000095367432
ckxfnwnamq.mp4,0.11069884896278381
ckzxryfjqo.mp4,0.9627107381820679
claloechcd.mp4,0.9875423312187195
clbvotyixd.mp4,0.9596506357192993
clbwuespnm.mp4,0.8109564781188965
clcyaiybyu.mp4,0.9396845698356628
cldcraffvt.mp4,0.6953873634338379
cldzxfpbkj.mp4,0.9236663579940796
clekngdqxa.mp4,0.938450276851654
clfgoqymlx.mp4,0.9320247173309326
cljaovquzv.mp4,0.8511922955513
cllpbyfczw.mp4,0.7992532849311829
cllsklblbu.mp4,0.9899998903274536
clmtssvjaf.mp4,0.9885701537132263
clnnqtjnld.mp4,0.7162160277366638
clnugjmcva.mp4,0.7832624912261963
clotzdefxi.mp4,0.9177913665771484
clpfdaynyl.mp4,0.9839452505111694
clrlpomyhr.mp4,0.8451464176177979
clrxigzbqr.mp4,0.7651667594909668
clssjlgtkp.mp4,0.8586889505386353
cltcgfkyrb.mp4,0.9536811113357544
cltivdolgi.mp4,0.903175413608551
cltocmrmvu.mp4,0.9887701869010925
cltpibyvfx.mp4,0.9320380687713623
cltzentanu.mp4,0.9876373410224915
clvddrgsab.mp4,0.9880144000053406
clvhyorkei.mp4,0.9676440954208374
clwhicktkw.mp4,0.9230639338493347
clwvkyuyqv.mp4,0.6405874490737915
clxgzkdgta.mp4,0.16313420236110687
clyiowxjxl.mp4,0.9885925054550171
clyqxccszs.mp4,0.11000065505504608
clzcvdsuyp.mp4,0.9680609107017517
clzmxxvlxs.mp4,0.9879314303398132
clzoosrlpp.mp4,0.9664731621742249
clzpxvnaui.mp4,0.9891502857208252
clzsqkrvga.mp4,0.35931575298309326
cmaeplipsz.mp4,0.9622973203659058
cmaislyngh.mp4,0.9665622711181641
cmbeyrzhvr.mp4,0.34931954741477966
cmbkignhjt.mp4,0.9600871801376343
cmbkzxueyi.mp4,0.989825963973999
cmbloezomc.mp4,0.985694944858551
cmbrlniexh.mp4,0.36896800994873047
cmcgahdcmo.mp4,0.9847047328948975
cmdgmeoloz.mp4,0.9601168036460876
cmdivumlkb.mp4,0.9760738611221313
cmdnbivizp.mp4,0.8432309627532959
cmebjfuvfg.mp4,0.9226773381233215
cmebrzpwbo.mp4,0.9884306192398071
cmfldpsgig.mp4,0.9851700663566589
cmfvltcddo.mp4,0.20540763437747955
cmgmhevsmr.mp4,0.9863496422767639
cmgpkcqhwt.mp4,0.9722857475280762
cmgswxmvlv.mp4,0.9879835844039917
cmgxxmjbhr.mp4,0.9721405506134033
cmibddnytf.mp4,0.9900000691413879
cmieiniplg.mp4,0.9597835540771484
cmirvugxlv.mp4,0.9848194718360901
cmjiaqgbuv.mp4,0.981528103351593
cmkcljpcsp.mp4,0.6523001194000244
cmkigulnas.mp4,0.8792065978050232
cmleyapewy.mp4,0.15840581059455872
cmlkxrufqw.mp4,0.9830409288406372
cmlmcdbwtg.mp4,0.9896973967552185
cmlvgoiwvz.mp4,0.9823914766311646
cmmifuinbl.mp4,0.9774285554885864
cmmqqqkpri.mp4,0.9893285632133484
cmnnfymbez.mp4,0.9857402443885803
cmnubbdpnt.mp4,0.9327386021614075
cmoeewkbqv.mp4,0.778885006904602
cmoqplbifs.mp4,0.9872150421142578
cmoydflohs.mp4,0.880864143371582
cmpbjkjtks.mp4,0.8112146854400635
cmpfjuwyud.mp4,0.9857858419418335
cmpkopoabr.mp4,0.8367839455604553
cmplvsxspz.mp4,0.8690177798271179
cmpnnbdogx.mp4,0.3181426227092743
cmptloljte.mp4,0.6358284950256348
cmqegbgirh.mp4,0.9895399808883667
cmqrkqlqck.mp4,0.98980313539505
cmqtagbxou.mp4,0.9234287142753601
cmskrcosbs.mp4,0.9812052845954895
cmsvynguda.mp4,0.6315339207649231
cmtwutvqch.mp4,0.9791681170463562
cmtxuweesh.mp4,0.9485713243484497
cmuzrrlaiy.mp4,0.850818395614624
cmveqobtaf.mp4,0.11010762304067612
cmvguitoba.mp4,0.9856145977973938
cmvnrjllux.mp4,0.42433029413223267
cmvterrdsl.mp4,0.9555222392082214
cmwkhvxthg.mp4,0.9274530410766602
cmwozbaxwb.mp4,0.39069387316703796
cmwxpmbuea.mp4,0.9878753423690796
cmxtwpabsw.mp4,0.9900000691413879
cmyahcrgiv.mp4,0.3401116132736206
cmybfubapj.mp4,0.8851590156555176
cmydgfodof.mp4,0.9900000691413879
cmyvjmgldk.mp4,0.5645893216133118
cmzcojwcbn.mp4,0.9233701229095459
cmzeicaooh.mp4,0.9899477362632751
cnahwlfafy.mp4,0.7305636405944824
cnaifxmdlx.mp4,0.9464442729949951
cnazdwrfur.mp4,0.9857326745986938
cnbkrmhwjc.mp4,0.985041081905365
cnbtegsjlx.mp4,0.9801458716392517
cncditjduh.mp4,0.6281579732894897
cndpomgvxd.mp4,0.9887297749519348
cnequaglft.mp4,0.8495209813117981
cnfcweqfvl.mp4,0.9382161498069763
cnfidfeyln.mp4,0.9743476510047913
cngogfretb.mp4,0.9533248543739319
cnguoshwca.mp4,0.9267217516899109
cnhpwzknts.mp4,0.9029802083969116
cniguenkpg.mp4,0.968895435333252
cniuvcmuwp.mp4,0.9415265917778015
cnjhnysnft.mp4,0.9425336122512817
cnjlvpzfrg.mp4,0.9210459589958191
cnklpvtzdv.mp4,0.696262776851654
cnlboybtqk.mp4,0.9242223501205444
cnlovaecgh.mp4,0.6039393544197083
cnmdwvuecr.mp4,0.9474037289619446
cnoasvesez.mp4,0.11332393437623978
cnobbyyzoq.mp4,0.9734277129173279
cnowlqxdbx.mp4,0.9778057336807251
cnplpnqrfn.mp4,0.9895130395889282
cnqqzkrgmh.mp4,0.9898204803466797
cnqrnrzzll.mp4,0.9325487017631531
cnqsdkwzmn.mp4,0.9808753728866577
cnqwgagcgy.mp4,0.2181510031223297
cnsmgjuxbi.mp4,0.8549674153327942
cnsnofuoiq.mp4,0.9899462461471558
cntorkscyt.mp4,0.9778764247894287
cnuhhfeikg.mp4,0.9864133596420288
cnuhjcswso.mp4,0.8503504991531372
cnuvbfpaek.mp4,0.1209835410118103
cnvquynriz.mp4,0.14901775121688843
cnvuwedyis.mp4,0.8304153084754944
cnwiicuofh.mp4,0.9050349593162537
cnycctrbyt.mp4,0.981400728225708
cnyfzszjoh.mp4,0.204372838139534
cnyphduocz.mp4,0.9651671051979065
cnzlqibzwf.mp4,0.7192535400390625
cnzxvjdwbw.mp4,0.9492385983467102
coacrsvrnl.mp4,0.9524078965187073
coahfvujdv.mp4,0.9900001287460327
coamtllvrf.mp4,0.9762769937515259
cobcvmzdph.mp4,0.9540078639984131
cobowalzix.mp4,0.8296219706535339
cobrcdtekr.mp4,0.5129770636558533
cocxlcbtfz.mp4,0.9288687109947205
codthnumyq.mp4,0.16781391203403473
codynbclja.mp4,0.9883466958999634
cofjvqjkcj.mp4,0.7173371911048889
cofxgrlrpb.mp4,0.9891567826271057
cogcrwzvdb.mp4,0.9565063714981079
cohnfjjaas.mp4,0.9463595151901245
coijxsppdw.mp4,0.9887815713882446
coiqibotbv.mp4,0.9875739812850952
cojfnbtfkr.mp4,0.18107114732265472
cojfzsbdkf.mp4,0.1931302696466446
cokcdaizvg.mp4,0.9871402382850647
cokftyhjmk.mp4,0.7551236748695374
coklfjtcyt.mp4,0.07328768819570541
comoufohza.mp4,0.9866628050804138
cooarrfjoi.mp4,0.9871510863304138
coptuddcwd.mp4,0.9726012349128723
coqrcakmmx.mp4,0.550257682800293
corvccyssr.mp4,0.9795438647270203
cosdfmtfwa.mp4,0.6815043687820435
cosfoqobzo.mp4,0.14701153337955475
cotcpetxls.mp4,0.915088415145874
cotriwoyvq.mp4,0.9791907072067261
cotubmgefn.mp4,0.9481967687606812
cotxffvovx.mp4,0.958624541759491
couyrcwviy.mp4,0.9655672907829285
cowmhzmvyg.mp4,0.9880053997039795
cowxzlygfo.mp4,0.9511851072311401
cozcfuwxip.mp4,0.986343502998352
cozslsoswi.mp4,0.6862585544586182
cozxtycxag.mp4,0.09786850959062576
cpaeucefro.mp4,0.9580109119415283
cpbqwwhrxq.mp4,0.13752025365829468
cpbrauhlcl.mp4,0.9828727841377258
cpcecgauub.mp4,0.9861806631088257
cpcnyqoevu.mp4,0.17599646747112274
cpcrcezxqo.mp4,0.15725745260715485
cpctqroarq.mp4,0.9734641313552856
cpcuvixqbn.mp4,0.9672221541404724
cpdlqhbvux.mp4,0.9573262929916382
cpdtroihpl.mp4,0.8057969212532043
cpecqrnxkn.mp4,0.9087465405464172
cpegivsezt.mp4,0.9895146489143372
cpegwviavn.mp4,0.979785680770874
cpekxlmlwa.mp4,0.9895503520965576
cpelglathd.mp4,0.9893230199813843
cpgayhckef.mp4,0.8027119636535645
cpgksamyev.mp4,0.56553715467453
cpgmeuhbtk.mp4,0.8275542259216309
cpgtztewxf.mp4,0.978281557559967
cphwzddoiy.mp4,0.8424835205078125
cpijvkgxvy.mp4,0.9729201197624207
cpixrjvxjn.mp4,0.9822633862495422
cpjiflbqbo.mp4,0.8124063611030579
cpkbrjijpt.mp4,0.8889405727386475
cpkeyidusc.mp4,0.06094368174672127
cpkpfdwfmb.mp4,0.10789282619953156
cpkyabfzlc.mp4,0.9501071572303772
cplkdbfpxj.mp4,0.9872452020645142
cplqsrsnyr.mp4,0.9158196449279785
cpmgnsrogr.mp4,0.9417210221290588
cpmqxchnmg.mp4,0.9879544377326965
cpmridjxbc.mp4,0.1034964844584465
cpmswmgiqr.mp4,0.9900000095367432
cpmvsuixwn.mp4,0.11299055814743042
cpnlmkmmdh.mp4,0.6517747640609741
cpnpmgzqvv.mp4,0.9243757724761963
cppaigkyae.mp4,0.9315764904022217
cppztnbtvs.mp4,0.9900000095367432
cpqaiqrblo.mp4,0.9881401658058167
cprbzixvdu.mp4,0.9899998903274536
cprdwtsorp.mp4,0.25717097520828247
cprktvyrlw.mp4,0.8811046481132507
cprmmgasmm.mp4,0.9247676134109497
cpsmnqhsck.mp4,0.7193869352340698
cpszgjiwdh.mp4,0.9245185256004333
cptemwefma.mp4,0.9870176315307617
cpthtjqwjg.mp4,0.987040102481842
cpucjmfawf.mp4,0.5401532649993896
cpvbjfhbph.mp4,0.15504640340805054
cpvlmfudwa.mp4,0.9401105642318726
cpwgofevvo.mp4,0.9797528386116028
cpwovkauzj.mp4,0.14849554002285004
cpwyqbacrt.mp4,0.9200986623764038
cpxbnzuafp.mp4,0.15518178045749664
cpxkrtypkz.mp4,0.9579492211341858
cpxlmsatst.mp4,0.9707252979278564
cpycvtmtuo.mp4,0.688749372959137
cpynfxglzc.mp4,0.5742996335029602
cpyqtpzmtr.mp4,0.9605515003204346
cpzazvweaq.mp4,0.9301067590713501
cpzncpzzwa.mp4,0.20460495352745056
cqamutjreg.mp4,0.9814119338989258
cqbjqtmqvj.mp4,0.9836602807044983
cqbodtkxiw.mp4,0.4118260443210602
cqbtboxqzb.mp4,0.9865727424621582
cqbxgessxh.mp4,0.15115070343017578
cqclibqbwz.mp4,0.6870818734169006
cqcqgggpml.mp4,0.9345126748085022
cqdnnweluw.mp4,0.9691562652587891
cqdxzxirqw.mp4,0.8804165124893188
cqdyheoqhn.mp4,0.9888668656349182
cqegquwdda.mp4,0.9900000095367432
cqemqttubw.mp4,0.33297696709632874
cqeuyhnqft.mp4,0.9840569496154785
cqewayywpg.mp4,0.24460458755493164
cqfzfuxvyw.mp4,0.07864628732204437
cqgdtrywmy.mp4,0.4261133670806885
cqgfbxpkuj.mp4,0.15089179575443268
cqgsacster.mp4,0.766189694404602
cqgzckbimc.mp4,0.6824355125427246
cqinqrcvse.mp4,0.2053864598274231
cqiscqrtlw.mp4,0.9089004397392273
cqiyijvrcj.mp4,0.987897515296936
cqkarxqzxx.mp4,0.5123629570007324
cqkfihwvvr.mp4,0.8892898559570312
cqkftuhhza.mp4,0.9707158207893372
cqklyqnfer.mp4,0.8968548774719238
cqljnmuloq.mp4,0.972914457321167
cqlwckvaeb.mp4,0.9900000095367432
cqmhxvdkuo.mp4,0.27644073963165283
cqmmgxqjtf.mp4,0.40295159816741943
cqmwyzpikk.mp4,0.7963208556175232
cqnbolqdhe.mp4,0.9877975583076477
cqntibhkbq.mp4,0.5281266570091248
cqnutosgsm.mp4,0.9701887965202332
cqnwfpglna.mp4,0.9537688493728638
cqogueyphy.mp4,0.7749478816986084
cqojknfuus.mp4,0.2997944951057434
cqoqzojnzo.mp4,0.8123331665992737
cqpjedhvoz.mp4,0.30063503980636597
cqpoanrjak.mp4,0.9601606726646423
cqqvqkryoe.mp4,0.9755038022994995
cqrxhsuqqq.mp4,0.7780535221099854
cqshmiarqg.mp4,0.9880795478820801
cqskjazxwc.mp4,0.9892420172691345
cqsmuftgep.mp4,0.9352437853813171
cqtaofqvtl.mp4,0.9890868663787842
cqtikmpave.mp4,0.9613937735557556
cqtozexihz.mp4,0.9535927176475525
cqttsbnsag.mp4,0.9872828125953674
cqtwjlhsgl.mp4,0.9591714143753052
cquhouhgoc.mp4,0.8748853206634521
cquwxluokz.mp4,0.9750677347183228
cqvancueff.mp4,0.9623948335647583
cqvglgkzui.mp4,0.9641517400741577
cqvndapzgg.mp4,0.7537814378738403
cqwpquwxid.mp4,0.127493217587471
cqxkqqscrm.mp4,0.9730401635169983
cqxqzzfrox.mp4,0.8827970623970032
cqyowzdfdd.mp4,0.7848606705665588
cqzkjylvwz.mp4,0.8658534288406372
cracconkyr.mp4,0.21270516514778137
crbcrxqftw.mp4,0.7425401210784912
crbeedzivm.mp4,0.9124659299850464
crbjylbwlc.mp4,0.700887143611908
crbspiybxp.mp4,0.9146183729171753
crcnhvsixi.mp4,0.15312913060188293
crcwhjdwhy.mp4,0.4413493275642395
crdehzludu.mp4,0.7017268538475037
crdhketdoh.mp4,0.1047264039516449
crdtvzbluw.mp4,0.9795599579811096
creplotjfu.mp4,0.17015987634658813
crevnrhhxu.mp4,0.9663832783699036
crfmxlbnbd.mp4,0.7461550235748291
crfnqdprte.mp4,0.33357399702072144
crfyvirnma.mp4,0.9873937964439392
crgeyrdfxk.mp4,0.7612040042877197
crhjwwgtef.mp4,0.9721118807792664
crhkipauyk.mp4,0.14400692284107208
crilhpdoez.mp4,0.9762430191040039
crisotkdmh.mp4,0.930009126663208
crjlenlhek.mp4,0.9881668090820312
crkjzvzyzb.mp4,0.9245390892028809
crlbzncobq.mp4,0.6209089159965515
crllsfqiul.mp4,0.7918956279754639
crlphqtqnq.mp4,0.9745311141014099
crmwccddrb.mp4,0.6205371022224426
crnfdbnpjz.mp4,0.986728847026825
crnhcygnjj.mp4,0.8058644533157349
crnjzofvaf.mp4,0.8842880725860596
crnnkjvdmt.mp4,0.7781318426132202
crnwdznwcx.mp4,0.9213371276855469
crocgecwna.mp4,0.9726522564888
crooqcjlqc.mp4,0.2108466923236847
crotumbywg.mp4,0.9899999499320984
crplxxbnkm.mp4,0.9815112352371216
crpmgqavlf.mp4,0.985994279384613
crpmskycub.mp4,0.9137745499610901
crqhicfshq.mp4,0.15555907785892487
crrthxtrth.mp4,0.6444991230964661
crsdkuimiu.mp4,0.9673570394515991
crsfsmblkf.mp4,0.8427380323410034
crtfokolyw.mp4,0.5578562617301941
crtvtlmchf.mp4,0.919532299041748
crubhecwnk.mp4,0.15308736264705658
cruhcatywp.mp4,0.21951398253440857
crumzbcdoq.mp4,0.9899998903274536
crvotfojeq.mp4,0.9046552181243896
crvvtpydtx.mp4,0.8964836597442627
crwkoeoxfi.mp4,0.9745168089866638
crwzuxqezo.mp4,0.9845864772796631
cryqrsysbf.mp4,0.933002769947052
crytsyqpyl.mp4,0.9877399802207947
crzrsezocr.mp4,0.9900000095367432
crzzbqlhfj.mp4,0.9448365569114685
crzzzxzvtw.mp4,0.9899999499320984
csagttjlqt.mp4,0.9384235739707947
csahmhbavq.mp4,0.943834662437439
csauiuajcs.mp4,0.47990190982818604
csbhsossva.mp4,0.9656680226325989
csbmiqaidp.mp4,0.9900000691413879
cscdlfidfj.mp4,0.9867262840270996
cscwdukujx.mp4,0.8648906350135803
csdcnwbwiu.mp4,0.31243664026260376
csdkogcust.mp4,0.9268324971199036
csdrwieihk.mp4,0.30379030108451843
csdzjehwbf.mp4,0.8799565434455872
csefroivib.mp4,0.7954275012016296
cseqwtcwdl.mp4,0.9767501354217529
csetzcnezn.mp4,0.8904660940170288
csfixqpjhw.mp4,0.9852433800697327
csflmeggme.mp4,0.16393820941448212
csfoaeqqdu.mp4,0.1254485845565796
csfsskknsh.mp4,0.9796058535575867
csfssvnwsp.mp4,0.7178096771240234
csgnemklmq.mp4,0.6491773724555969
cshhakbofs.mp4,0.23931942880153656
cshxowxrfl.mp4,0.9899999499320984
csikbraapk.mp4,0.9482624530792236
csjeiievqq.mp4,0.7473436594009399
csjpfrogyp.mp4,0.12765300273895264
cslceaskvo.mp4,0.9848839640617371
cslfapvyjv.mp4,0.11703004688024521
cslmdbmlzk.mp4,0.0997576117515564
csmiexvtfh.mp4,0.9046432375907898
csmrqvgsrk.mp4,0.9897500872612
csmsrngjrm.mp4,0.9897348284721375
csollwjhrx.mp4,0.801526665687561
csoxekulpu.mp4,0.9851221442222595
csozifgqcx.mp4,0.9729531407356262
csozphfidv.mp4,0.3555043935775757
csplgefkgx.mp4,0.10403518378734589
cspnpyohxu.mp4,0.8637165427207947
csptvrxfap.mp4,0.5105546116828918
csqbebvoxt.mp4,0.10765895992517471
csqsdmrctj.mp4,0.08387371152639389
csqsxsjrnp.mp4,0.9571242332458496
csraeqynwd.mp4,0.9899999499320984
csremuoyna.mp4,0.8118838667869568
csrqbscgxz.mp4,0.9899014234542847
csrqlmzjph.mp4,0.974311113357544
csrsxklgle.mp4,0.9440249800682068
csrzijbfda.mp4,0.9861263632774353
cstkcclhdc.mp4,0.7758243680000305
cstzexdcbw.mp4,0.9887274503707886
csuaztyjjt.mp4,0.9878090023994446
csuwuruutx.mp4,0.9686105251312256
csvflnmkvh.mp4,0.9824920892715454
csvggiwfey.mp4,0.9694833755493164
cswajdmqyx.mp4,0.9883079528808594
cswhwudpzk.mp4,0.26787078380584717
csxjcoesqt.mp4,0.9809685349464417
csxjoirhtw.mp4,0.9867684245109558
csxksuzkhm.mp4,0.9873945116996765
csxymovdqx.mp4,0.9613977670669556
cszdcuibjt.mp4,0.8637921810150146
cszvjqvmed.mp4,0.9722360968589783
ctarrlrgdy.mp4,0.9561460018157959
ctavqrrmgv.mp4,0.8025293946266174
ctawiyhhzf.mp4,0.1966741383075714
ctbvhwpvhy.mp4,0.932643473148346
ctccuizjur.mp4,0.9774629473686218
ctchthbojs.mp4,0.9807964563369751
ctchulwwxm.mp4,0.9756739139556885
ctclbnlclm.mp4,0.09541404992341995
ctcozenfll.mp4,0.3841136395931244
ctdetnpcny.mp4,0.9899512529373169
ctdwkvfsmp.mp4,0.9180485010147095
ctdwtfcjei.mp4,0.6514910459518433
ctdzrkqorp.mp4,0.9622739553451538
cteqlloxwu.mp4,0.17491529881954193
cteungyauw.mp4,0.9781271815299988
ctexjdufex.mp4,0.8668966889381409
ctfegjuydq.mp4,0.8077617883682251
ctfvpczuea.mp4,0.17932197451591492
ctibxwjesk.mp4,0.5703722834587097
ctidqluhtj.mp4,0.9898699522018433
ctiyalwbsv.mp4,0.9650626182556152
ctjcicttwr.mp4,0.9291849136352539
ctjepwqiul.mp4,0.9762166142463684
ctjqfwivhb.mp4,0.9430179595947266
ctjuwaprck.mp4,0.9844739437103271
ctkopczrhm.mp4,0.9461499452590942
ctkwuprdsl.mp4,0.25797101855278015
ctlmkrjmut.mp4,0.9876638650894165
ctlwouvozz.mp4,0.9211971163749695
ctmqwwpdnc.mp4,0.941103458404541
ctmzprtrhs.mp4,0.9816281199455261
ctnbxsceln.mp4,0.9804759621620178
ctnneaxztc.mp4,0.18469832837581635
ctnupbsabf.mp4,0.9879885911941528
ctojcitnpn.mp4,0.6024078130722046
ctopurgfgx.mp4,0.8126958608627319
ctouemisne.mp4,0.8571905493736267
ctowvrmazl.mp4,0.9617223143577576
ctozwusfxb.mp4,0.9869561791419983
ctpaahkfdc.mp4,0.9486997127532959
ctpexqamtx.mp4,0.9900000691413879
ctpypmzfnl.mp4,0.08825819939374924
ctqjnsvrvk.mp4,0.9876317381858826
ctrengqlqk.mp4,0.9373711943626404
ctrodwqvjx.mp4,0.6445073485374451
ctsdittcdz.mp4,0.9743170142173767
ctsjalmkpx.mp4,0.9897568225860596
cttbevkbhr.mp4,0.9796026349067688
ctvnkjdxoz.mp4,0.956517219543457
ctxhjpebsl.mp4,0.9703405499458313
ctyhaquawh.mp4,0.9436852931976318
ctzextgily.mp4,0.8924741744995117
ctzidpuxqo.mp4,0.9607695937156677
ctzknhuffj.mp4,0.10289888828992844
ctzvhowbhr.mp4,0.8927417397499084
ctzzytwvpi.mp4,0.6902734637260437
cualykjhoa.mp4,0.9837338328361511
cubernsric.mp4,0.8814395666122437
cubidebbwb.mp4,0.9558593034744263
cubudyesmd.mp4,0.988616406917572
cubuvjbojg.mp4,0.9888928532600403
cubyoldoos.mp4,0.8684331178665161
cucnhxbrrz.mp4,0.1290297955274582
cudjeshfcw.mp4,0.9221441149711609
cudqwytasr.mp4,0.8477035760879517
cueivytkwb.mp4,0.9174589514732361
cuerkhzuum.mp4,0.9489533305168152
cuewtjauyi.mp4,0.9874439835548401
cufgfduips.mp4,0.7586929202079773
cufipbigrt.mp4,0.9503470659255981
cufpjxwbjt.mp4,0.9396865367889404
cufwpbfhwc.mp4,0.9451524615287781
cugbtwdurl.mp4,0.7001277804374695
cugifqjqto.mp4,0.22362080216407776
cuinqgwczx.mp4,0.906222403049469
cujqbmziws.mp4,0.9024171233177185
cukedccddh.mp4,0.9592642784118652
cukgevrxhx.mp4,0.951691210269928
cukqowdaey.mp4,0.982977569103241
cukwoecmmq.mp4,0.9632152318954468
cukyihsryf.mp4,0.9591314196586609
culqnykaue.mp4,0.6364849209785461
cumgkxsjgz.mp4,0.8319309949874878
cumhonvwlg.mp4,0.9836529493331909
cumrfsvpri.mp4,0.14976245164871216
cunannjawe.mp4,0.7248038649559021
cuobzceakk.mp4,0.9621791243553162
cuovwgibgk.mp4,0.9294049143791199
cupmtmedsc.mp4,0.2370678037405014
cupqbscadr.mp4,0.7953431010246277
cupujkcxwr.mp4,0.6055188179016113
curoyzlzbr.mp4,0.9899999499320984
curyxptmtx.mp4,0.6738713979721069
cuslsmkwpx.mp4,0.9847534894943237
cusnretedj.mp4,0.9750872254371643
cuuspjotwf.mp4,0.8252476453781128
cuuvswxxek.mp4,0.9899999499320984
cuuyarnbhw.mp4,0.7991411089897156
cuvihcqjej.mp4,0.9217376708984375
cuxaxdgtkr.mp4,0.9876076579093933
cuxhekncql.mp4,0.6327091455459595
cuxlufcotk.mp4,0.869563102722168
cuycsnvhfq.mp4,0.6330074667930603
cuyigebxzv.mp4,0.976376473903656
cuzbvoqeff.mp4,0.988751232624054
cvaeexwlkk.mp4,0.9897472262382507
cvallwyhed.mp4,0.9853724241256714
cvbebdokcr.mp4,0.9695357084274292
cvbjxpwoie.mp4,0.8492729663848877
cvbubcwkkl.mp4,0.15706461668014526
cvcsmrjjbi.mp4,0.9778263568878174
cvcznehtwl.mp4,0.8781822323799133
cvdpjordgi.mp4,0.8950615525245667
cveehypkla.mp4,0.9897081255912781
cvepfgpobe.mp4,0.9797822833061218
cvesotrbwj.mp4,0.9731804132461548
cvfbxmteyv.mp4,0.9366138577461243
cvgbmvjnds.mp4,0.9471124410629272
cvhgdhteev.mp4,0.32096949219703674
cvhmdigame.mp4,0.9738329648971558
cvibusznso.mp4,0.3066403567790985
cvickaqyxn.mp4,0.9868034720420837
cvicohmags.mp4,0.22623710334300995
cvixicyuon.mp4,0.9900001287460327
cviyjsusie.mp4,0.5038266777992249
cvjcxhzjqq.mp4,0.6673972606658936
cvjtaxyhed.mp4,0.5738147497177124
cvlmosigys.mp4,0.6951645016670227
cvmerrznwg.mp4,0.711341142654419
cvmmtklgst.mp4,0.6410655975341797
cvmofrwdcz.mp4,0.07429749518632889
cvnusiwohr.mp4,0.8110795617103577
cvoikrdglc.mp4,0.9648953676223755
cvousgnasq.mp4,0.9344875812530518
cvqbppiabu.mp4,0.9724993705749512
cvqgrezhur.mp4,0.9066126346588135
cvrtjvwvqg.mp4,0.9887903928756714
cvrzdywcth.mp4,0.7913472056388855
cvsftmwnnh.mp4,0.9900000095367432
cvsobewhsk.mp4,0.9218095541000366
cvtklxtdrd.mp4,0.9887769818305969
cvtogeuiqd.mp4,0.9843151569366455
cvtwlzgzne.mp4,0.15896910429000854
cvvabkmusu.mp4,0.7019003033638
cvvnebbktm.mp4,0.8769791126251221
cvvtpdnajw.mp4,0.9847003817558289
cvvwrjubjv.mp4,0.9889739155769348
cvwfocfmpb.mp4,0.9828212857246399
cvxuswbzmq.mp4,0.9722936749458313
cvyenririk.mp4,0.1467938870191574
cvyrfhetrx.mp4,0.7079835534095764
cvywcvnytv.mp4,0.8344519734382629
cvzsiudpyx.mp4,0.9431517720222473
cwbgztanym.mp4,0.17815954983234406
cwbincavby.mp4,0.9779161214828491
cwcdlmovnm.mp4,0.9375966191291809
cwcwgibsgo.mp4,0.2829423248767853
cwdzddbqyi.mp4,0.9697638154029846
cwhibklyle.mp4,0.8041602373123169
cwhitukhlh.mp4,0.9894697666168213
cwhmodncwy.mp4,0.8970972299575806
cwhocpcoqq.mp4,0.9867786765098572
cwixfnvhmn.mp4,0.9713104963302612
cwjguxtovt.mp4,0.17684027552604675
cwjovizmhq.mp4,0.5
cwjqtcdmoe.mp4,0.9357367753982544
cwjvrpudbb.mp4,0.9274663329124451
cwkiapvkwg.mp4,0.9575990438461304
cwkiiyezzg.mp4,0.6416432857513428
cwlkfmhlox.mp4,0.2096254527568817
cwlkqoxzee.mp4,0.9891547560691833
cwltsdyued.mp4,0.9900000691413879
cwlxxhemsd.mp4,0.9878872632980347
cwmidyiqvl.mp4,0.8903722763061523
cwmjhyvfcv.mp4,0.9899999499320984
cwmqvgihtt.mp4,0.37681320309638977
cwmrhkeqsm.mp4,0.9890560507774353
cwmwbryhqx.mp4,0.9824382662773132
cwnnhwqhpu.mp4,0.9864866137504578
cwoiryhauz.mp4,0.9647076725959778
cwovrcucqo.mp4,0.11964358389377594
cwqhzuhjol.mp4,0.08101028203964233
cwqwhvjaul.mp4,0.9003567099571228
cwrtvtyanu.mp4,0.9494122862815857
cwruaywtvb.mp4,0.12715864181518555
cwsdeasldr.mp4,0.9642362594604492
cwsgfhdizj.mp4,0.9852795004844666
cwsktcqrzf.mp4,0.46658560633659363
cwsrozctrk.mp4,0.9900000691413879
cwstdobzfg.mp4,0.9899858832359314
cwszhupzre.mp4,0.931807816028595
cwtgddlhby.mp4,0.5590176582336426
cwtmswdzww.mp4,0.985641598701477
cwtqzovbba.mp4,0.9894557595252991
cwtsuxyhea.mp4,0.9883834719657898
cwtxqxuvlc.mp4,0.788719117641449
cwupoiihky.mp4,0.9866631627082825
cwvpjumhbg.mp4,0.9900000691413879
cwvtgzizxw.mp4,0.9900000691413879
cwwgsnejua.mp4,0.9149282574653625
cwwnlfahfx.mp4,0.9784743189811707
cwwqaazswi.mp4,0.8019174933433533
cwxrlwltie.mp4,0.3409722149372101
cwyslgvsmr.mp4,0.6218631863594055
cwzgdnkite.mp4,0.9262502193450928
cwzyzxjmfh.mp4,0.9898137450218201
cwzzqzmblh.mp4,0.9414541721343994
cxacbzdokf.mp4,0.09036701917648315
cxajnkqjkq.mp4,0.4118475914001465
cxajobdgrv.mp4,0.9898776412010193
cxatnnpeyo.mp4,0.9141688346862793
cxbimcvejo.mp4,0.9899999499320984
cxbsalbmst.mp4,0.9287744760513306
cxcesxkunc.mp4,0.9686081409454346
cxcopmaqcx.mp4,0.9808131456375122
cxeopypcfd.mp4,0.98341304063797
cxepagsvia.mp4,0.9841863512992859
cxevdilqjh.mp4,0.8950310945510864
cxeyiytudt.mp4,0.9268366694450378
cxeziknbpr.mp4,0.7551432847976685
cxfyrqbrji.mp4,0.9899998307228088
cxgdlbmeqy.mp4,0.8086430430412292
cxgdmvuxjc.mp4,0.9900000691413879
cxgrlduslk.mp4,0.9882953763008118
cxguvyaque.mp4,0.18042168021202087
cxhcdctspt.mp4,0.9145413041114807
cxieibifyj.mp4,0.7686460018157959
cxiephiblg.mp4,0.9898578524589539
cxigoqsdoo.mp4,0.9895342588424683
cxiurodzsg.mp4,0.9442259669303894
cxjiyyhcvg.mp4,0.912248969078064
cxjpzucdse.mp4,0.9794188737869263
cxjsxgirny.mp4,0.989395797252655
cxjwmxsgjv.mp4,0.9548531174659729
cxlkfsyfvb.mp4,0.1567501276731491
cxngkbtdek.mp4,0.17474789917469025
cxnoxemydo.mp4,0.977126955986023
cxogiwyldp.mp4,0.9834535717964172
cxohfdhkkq.mp4,0.8762596845626831
cxojlakmoj.mp4,0.9722207188606262
cxopoojmmo.mp4,0.9685315489768982
cxpmdgntdl.mp4,0.9835019111633301
cxptpzqfnf.mp4,0.095112144947052
cxqhrnxgvd.mp4,0.9173374176025391
cxrncthuby.mp4,0.1470651477575302
cxroabhzxu.mp4,0.8488892912864685
cxrooetoay.mp4,0.930182933807373
cxrstzfsuy.mp4,0.09037303924560547
cxsekvffny.mp4,0.7898744344711304
cxsnzkabaa.mp4,0.9829427599906921
cxsxwxcstd.mp4,0.9854649901390076
cxszdyotss.mp4,0.9542540907859802
cxthlqeseq.mp4,0.22201566398143768
cxtodzawmj.mp4,0.9869652986526489
cxuvzmrisu.mp4,0.8867295384407043
cxvayntesu.mp4,0.1828317493200302
cxvctggwxi.mp4,0.23751863837242126
cxvgbzsijg.mp4,0.9571519494056702
cxvqurbsev.mp4,0.9661766886711121
cxvwreuyuz.mp4,0.6943691372871399
cxxhhwykme.mp4,0.987296462059021
cxxyvegmxm.mp4,0.749735414981842
cxyizzufss.mp4,0.9233804941177368
cxyqglsyyx.mp4,0.9785809516906738
cxyvoffxcv.mp4,0.9624683260917664
cxzdbwctfx.mp4,0.9332351088523865
cyafkadnnw.mp4,0.3837374150753021
cyavflusgb.mp4,0.6751225590705872
cyavimfiex.mp4,0.4233861565589905
cybetknayd.mp4,0.9494419097900391
cybfrdydog.mp4,0.9743985533714294
cybvkcmdgl.mp4,0.13810789585113525
cyckgyxtxi.mp4,0.3713090419769287
cydneakcyh.mp4,0.9810178279876709
cydsglobim.mp4,0.9812706708908081
cyeiqwpyxo.mp4,0.8785504698753357
cyfaiicytj.mp4,0.9602211713790894
cyfaimpqvv.mp4,0.24928323924541473
cyfgzhxmdo.mp4,0.9782834649085999
cyfjdftqxg.mp4,0.948237955570221
cyglumtcmz.mp4,0.3897262215614319
cyhefjhsko.mp4,0.9882864952087402
cyhmklcvkd.mp4,0.9434446692466736
cyhpyggvsq.mp4,0.9897082448005676
cyjcfkdjgp.mp4,0.9897037744522095
cyjrsnjizj.mp4,0.9087142944335938
cykylxfjrb.mp4,0.9676873087882996
cymktmzosb.mp4,0.8678674697875977
cynqzgnnkd.mp4,0.9656655192375183
cynrqvpahp.mp4,0.7934143543243408
cyokqrzbol.mp4,0.9898955821990967
cypejmkvjc.mp4,0.800434947013855
cypzxddmmk.mp4,0.9623041749000549
cyqhzdxgrk.mp4,0.9888708591461182
cyqqtpkazm.mp4,0.9521591067314148
cyqrdjfqfp.mp4,0.9882215261459351
cyqsfqlbgp.mp4,0.9883120059967041
cyrmhszohp.mp4,0.9895294904708862
cyrnxncxif.mp4,0.9832838773727417
cyucijsqiw.mp4,0.8251352906227112
cyudfgcsbh.mp4,0.6386091113090515
cyvjigpbao.mp4,0.8655908703804016
cyvrbnzomt.mp4,0.9887752532958984
cyvwarfocs.mp4,0.9200243949890137
cywebjaezn.mp4,0.1327105313539505
cyxhaypqzs.mp4,0.9839286804199219
cyxhjuflrs.mp4,0.47423750162124634
cyxtasgppy.mp4,0.1343361735343933
cyxzkgsafw.mp4,0.8824540376663208
cyyqtralcn.mp4,0.9673322439193726
cyzaecgzji.mp4,0.9378767609596252
czbsjdjmlq.mp4,0.9277487993240356
czcbegjurf.mp4,0.573587954044342
czddwifbwy.mp4,0.8343269228935242
czdipdvsft.mp4,0.6690781116485596
czffoviacf.mp4,0.8858133554458618
czftcuzylj.mp4,0.9210968613624573
czfvgsiezr.mp4,0.9753594994544983
czgzxzzvfg.mp4,0.9877163767814636
czhddzphpn.mp4,0.8256519436836243
czirapruub.mp4,0.5627583265304565
czixqjgyck.mp4,0.10989799350500107
czjjlhcdaf.mp4,0.9887235164642334
czjmqasuys.mp4,0.9593918323516846
czjyavzouv.mp4,0.9292731881141663
czkgavlmdr.mp4,0.7446697354316711
czkmptcbfr.mp4,0.805998682975769
czkwwkzpyx.mp4,0.8061470985412598
czlanpxaoq.mp4,0.9046834707260132
czldstijav.mp4,0.9333689212799072
czlfmczgfs.mp4,0.16389046609401703
cznweqvrog.mp4,0.943978488445282
czobhnafne.mp4,0.9887985587120056
czofuhtjvw.mp4,0.9861986637115479
czpfqlacbh.mp4,0.9898148775100708
czpgezpcrt.mp4,0.9261190891265869
czqsbhaceo.mp4,0.8981453776359558
czquwucvls.mp4,0.9466183185577393
czrhylrxtc.mp4,0.09221326559782028
czspkzxynw.mp4,0.9874485731124878
cztqkbxnzr.mp4,0.9900000095367432
czvafigkpt.mp4,0.1994321197271347
czvkzoewhw.mp4,0.9837226867675781
czvwaeigfa.mp4,0.815943717956543
czxtlccmnm.mp4,0.8966904282569885
czxuxqxdzr.mp4,0.9767072796821594
czygbspvwr.mp4,0.11215286701917648
czygnxlbjc.mp4,0.6996306777000427
czyhqhvccy.mp4,0.9662953019142151
czylfgmknr.mp4,0.9709203243255615
czyllxdlzo.mp4,0.8693417310714722
czzesconay.mp4,0.9866108298301697
dabecadkih.mp4,0.9892065525054932
dabgyrgsmq.mp4,0.94412761926651
dabimeamvb.mp4,0.870123565196991
dacipjinby.mp4,0.9384017586708069
dadafcvbky.mp4,0.9672170281410217
dadkezptce.mp4,0.9899969696998596
dadoqbxlso.mp4,0.9719226360321045
dadrotzwag.mp4,0.9624897241592407
dagcolpmki.mp4,0.18810072541236877
dagcrdgape.mp4,0.11747942119836807
dagerloolt.mp4,0.9889319539070129
daghsascso.mp4,0.9321892857551575
dagmnvkeeg.mp4,0.9899747371673584
dagnyzbyvf.mp4,0.9468994736671448
dagtaiqtnd.mp4,0.8873663544654846
dailocwlfc.mp4,0.9859611392021179
daimottkty.mp4,0.12148918956518173
daisdfsvkt.mp4,0.947206437587738
daiwuxoium.mp4,0.9899420142173767
dajcyskjxs.mp4,0.9499205350875854
dajlkmlvch.mp4,0.9789270162582397
dakgcjvwgg.mp4,0.9710946083068848
dakqqwnrmp.mp4,0.4598125219345093
dalkdjprwa.mp4,0.9329199194908142
dalqfujoxh.mp4,0.10049222409725189
dalxcpgfym.mp4,0.7065715193748474
dalynxygrs.mp4,0.9893627762794495
damibfwqrr.mp4,0.10708010196685791
damjizgilg.mp4,0.5804509520530701
damwvewpft.mp4,0.9879019856452942
danafqnhho.mp4,0.8244054913520813
danqvbizlv.mp4,0.8272565007209778
danseoxojf.mp4,0.915485143661499
danuecrfoy.mp4,0.9507915377616882
danxziqhbj.mp4,0.9653343558311462
daoacyzjae.mp4,0.5
daojzrtlbh.mp4,0.9214449524879456
daoqftnvgp.mp4,0.9566044211387634
dapvpkfack.mp4,0.10919630527496338
daqbetniep.mp4,0.9710832834243774
darajozjnx.mp4,0.9671189188957214
darxqfiash.mp4,0.2502939999103546
dasikdoalw.mp4,0.6634030342102051
dasivprjjm.mp4,0.4656142294406891
dasprsensp.mp4,0.26040682196617126
dathymnzrv.mp4,0.8336932063102722
dauiheqtqt.mp4,0.7541619539260864
daukofinwi.mp4,0.9424310326576233
dauxqdsrta.mp4,0.9251729846000671
dawquhngxn.mp4,0.8110798597335815
dazcqddmah.mp4,0.4481410086154938
dazmitzpls.mp4,0.5825730562210083
dazseswwpp.mp4,0.9712399244308472
dbahlxpfkm.mp4,0.9898920059204102
dbajaaprln.mp4,0.9900001883506775
dbauiiupef.mp4,0.6502296328544617
dbbbhusgnt.mp4,0.5816528797149658
dbbefxhmfk.mp4,0.970167875289917
dbbvpyzdsv.mp4,0.13380905985832214
dbckbkktch.mp4,0.2741575539112091
dbdoggoocx.mp4,0.9877910017967224
dbeouqereh.mp4,0.98794025182724
dbgdvoqjrs.mp4,0.989753782749176
dbgknmtfbf.mp4,0.9780331254005432
dbgvpwesbv.mp4,0.544710636138916
dbhehpfump.mp4,0.18986991047859192
dbhprzhroy.mp4,0.16901913285255432
dbixwxtuxs.mp4,0.12441854178905487
dbjeddgjgs.mp4,0.12784865498542786
dbkmmswqfg.mp4,0.5790210366249084
dbkrfxlell.mp4,0.9737299084663391
dbkximjyaw.mp4,0.9279584884643555
dblcsugamc.mp4,0.9829141497612
dblhswzedj.mp4,0.9898831248283386
dbljnexmlf.mp4,0.9543900489807129
dbmaspujld.mp4,0.9710124135017395
dbmbkijkmk.mp4,0.13695400953292847
dbmlazkbll.mp4,0.9671436548233032
dbmrufysdj.mp4,0.9888989329338074
dbnggnoozm.mp4,0.9804297089576721
dbobbvqmkr.mp4,0.7131388187408447
dbogzmnzlt.mp4,0.7600765824317932
dbpcjeeaui.mp4,0.13016648590564728
dbpfptzhiw.mp4,0.13188911974430084
dbpzdrpogs.mp4,0.9683676362037659
dbqbbonwjt.mp4,0.9747017025947571
dbqbwrcvjk.mp4,0.4214541018009186
dbqcfvuugb.mp4,0.9894789457321167
dbqtnfwwle.mp4,0.9847517609596252
dbqyiobgnx.mp4,0.9810728430747986
dbrnckvpjv.mp4,0.9899998903274536
dbsxlxitgm.mp4,0.11195717006921768
dbthqamhyz.mp4,0.9895549416542053
dbvdymdpym.mp4,0.17609228193759918
dbvjdiyqrb.mp4,0.5899172425270081
dbvvehcocv.mp4,0.9881810545921326
dbwydfwtip.mp4,0.9168799519538879
dbxpzfbhsn.mp4,0.9302821755409241
dbyordqnut.mp4,0.9890852570533752
dbyyuizpvr.mp4,0.9891712069511414
dcadwqahtn.mp4,0.5757682919502258
dcadxbcfng.mp4,0.16364459693431854
dcawsogoet.mp4,0.988344132900238
dcazaskuka.mp4,0.9509692192077637
dcbbeqmvuk.mp4,0.9204686284065247
dcbuzzqnof.mp4,0.9169450998306274
dcddcsmeyi.mp4,0.20175619423389435
dcekkkxnfx.mp4,0.9894258379936218
dcekxwervb.mp4,0.9876811504364014
dceycqcznl.mp4,0.9888746738433838
dcgaqywrfn.mp4,0.9609401226043701
dcgnumdfoq.mp4,0.8343969583511353
dcgzckukcv.mp4,0.9645688533782959
dcjfueishg.mp4,0.4017622470855713
dcjmcaxcxz.mp4,0.9419912099838257
dcjmwckfgf.mp4,0.1324995756149292
dcjnlrvwko.mp4,0.2133912444114685
dcjvqpgjgd.mp4,0.9899998903274536
dcjymntuui.mp4,0.8851069808006287
dcklqywyhe.mp4,0.07503164559602737
dckwrwjrzb.mp4,0.9838339686393738
dckygrkwnr.mp4,0.22978675365447998
dcmammspzg.mp4,0.9717705249786377
dcmitrlcbk.mp4,0.254397451877594
dcmolptgrh.mp4,0.9834017753601074
dcmwnhbreb.mp4,0.8598255515098572
dcnlykkbbx.mp4,0.9594026207923889
dcnqtgonsk.mp4,0.878812313079834
dcoieqrjhf.mp4,0.981742262840271
dcoyfnrpsm.mp4,0.964247465133667
dcpgtzfulm.mp4,0.8780261874198914
dcpmipuapc.mp4,0.14968618750572205
dcqdtsgrif.mp4,0.3811761140823364
dcqhhkwztm.mp4,0.9465166330337524
dcqxjyahds.mp4,0.8439318537712097
dcrefaartv.mp4,0.9640636444091797
dcrjbnkhwu.mp4,0.8983773589134216
dcrsugpfcv.mp4,0.9538548588752747
dcsuccbsei.mp4,0.9828747510910034
dcszjczlpo.mp4,0.9869343638420105
dctlyoecwq.mp4,0.6481951475143433
dctsqbktdd.mp4,0.8711193203926086
dctyzjipfr.mp4,0.2604745924472809
dcveredmux.mp4,0.698029637336731
dcvnpbelyb.mp4,0.9787031412124634
dcvnuptiko.mp4,0.9853286147117615
dcwcdhskvh.mp4,0.9888111352920532
dcwokudqws.mp4,0.20848755538463593
dcxozcclel.mp4,0.23323573172092438
dcyizhgzmd.mp4,0.8673352599143982
dcykyujhay.mp4,0.9885784387588501
dczlxpspyt.mp4,0.9847878813743591
dczmsjrwlc.mp4,0.9588958621025085
dcztdakmjg.mp4,0.9896711111068726
dczxxkstmj.mp4,0.9900000095367432
ddafrtsryt.mp4,0.9667152166366577
ddagxidupk.mp4,0.6923458576202393
ddbiylzzqx.mp4,0.9804414510726929
ddblowwfcm.mp4,0.9633241891860962
ddbyhorsay.mp4,0.959427535533905
ddcymnyysf.mp4,0.9555518627166748
dddjbmpchd.mp4,0.9374880194664001
ddewfzykyp.mp4,0.3014139235019684
ddfqkcxrnx.mp4,0.7377884387969971
ddfrexfnhg.mp4,0.1815016269683838
ddgdbctyif.mp4,0.9018090963363647
ddgworhapa.mp4,0.9811366200447083
ddhsykhyod.mp4,0.9885958433151245
ddidvzmvjs.mp4,0.9891813397407532
ddieekaouu.mp4,0.9849807620048523
ddifvixwxx.mp4,0.9843297004699707
ddjfjzmdkk.mp4,0.6595246195793152
ddjzmyabyu.mp4,0.9899947643280029
ddkcxrncmq.mp4,0.9881945252418518
ddkjmumjgf.mp4,0.9396213293075562
ddktcurcsw.mp4,0.9706578254699707
ddnfrgolit.mp4,0.9374719858169556
ddnthwdvwg.mp4,0.33129313588142395
ddnticyxmd.mp4,0.25379958748817444
ddoanziqhj.mp4,0.9619289636611938
ddofbnkgot.mp4,0.9261411428451538
ddofbzcdbb.mp4,0.9498136639595032
ddogfurugq.mp4,0.6154952645301819
ddpngojvzy.mp4,0.983191967010498
ddppcudrad.mp4,0.9702566862106323
ddqayybsuq.mp4,0.9806424975395203
ddqnhxudty.mp4,0.8315203189849854
ddqsbryhvd.mp4,0.21080662310123444
ddrjnwlugg.mp4,0.10528688877820969
ddrtwbrvvq.mp4,0.6028297543525696
ddrxykcwxm.mp4,0.17063258588314056
ddryljorfm.mp4,0.9868480563163757
ddshhjsygw.mp4,0.9327305555343628
ddsylmermi.mp4,0.9529137015342712
ddteixybzf.mp4,0.24353466928005219
ddtxbzgbho.mp4,0.981487512588501
dduarbnfwc.mp4,0.14563611149787903
ddvbvfrnwi.mp4,0.9720544219017029
ddvbwjmtxo.mp4,0.9715292453765869
ddvgrczjno.mp4,0.7909432053565979
ddvknwrapr.mp4,0.07093094289302826
ddvqkgpblf.mp4,0.6585758924484253
ddvstiwcwt.mp4,0.984901487827301
ddvwdvwcla.mp4,0.9886838793754578
ddvxmmcqic.mp4,0.9154098629951477
ddwepnuyti.mp4,0.850490152835846
ddwfpwxejt.mp4,0.9591093063354492
ddzdqyzdhc.mp4,0.11971311271190643
ddzfcscdat.mp4,0.9900000095367432
ddzsbynofq.mp4,0.9895734190940857
debaivdfyo.mp4,0.9674707651138306
debfikcmdv.mp4,0.213853120803833
debllamlvm.mp4,0.981132984161377
decpkffsla.mp4,0.9348888397216797
dedqiwxjck.mp4,0.9900000095367432
dedyedsjrf.mp4,0.7760648727416992
deeihusbku.mp4,0.259143203496933
deeqmpacic.mp4,0.9862999320030212
deesewpczx.mp4,0.7955112457275391
deewyvrlzo.mp4,0.9822060465812683
defeqlyysh.mp4,0.863749623298645
defolmxezz.mp4,0.9861389398574829
degaiqcgjz.mp4,0.9103773236274719
degqguwzgp.mp4,0.13900837302207947
degriaqieh.mp4,0.9826502799987793
degrpcsful.mp4,0.6930333375930786
degyedntzd.mp4,0.9840797781944275
dehhyjdoal.mp4,0.976906418800354
dehkunamqr.mp4,0.9602080583572388
deiwnqacsh.mp4,0.9217323660850525
dejrbttkhl.mp4,0.9899999499320984
delpasdocb.mp4,0.8503824472427368
delyrslnsy.mp4,0.977514922618866
demhikwrxs.mp4,0.9457786083221436
denujrssjb.mp4,0.8053106665611267
denvrbrfex.mp4,0.9865473508834839
deogcslvgj.mp4,0.6940050721168518
deoisxtlgy.mp4,0.8123400211334229
deokroxvyd.mp4,0.9871180653572083
deonabexby.mp4,0.9516780972480774
depcrcqwai.mp4,0.8607792258262634
depsivyouu.mp4,0.9129834771156311
depwiwjaya.mp4,0.9857125878334045
deqdvahbhg.mp4,0.9171591997146606
deqjbfxtgj.mp4,0.8451966643333435
derdywipzq.mp4,0.6783766150474548
derfsbbisk.mp4,0.9287648797035217
derkcaxbhk.mp4,0.9898825287818909
dermobcmbu.mp4,0.33515286445617676
derpbinucl.mp4,0.9388343691825867
deslnszgpy.mp4,0.18838410079479218
detuirvogn.mp4,0.9899305701255798
detwoqyuci.mp4,0.9198697805404663
devefnvbbj.mp4,0.9214252233505249
devkehhkrk.mp4,0.5080727934837341
dewntsgucs.mp4,0.22102154791355133
dewwkfbakz.mp4,0.9899999499320984
dexltvvrzu.mp4,0.917131781578064
dexmozizsn.mp4,0.9212697148323059
dexnpbncta.mp4,0.956903338432312
dexrcvoajh.mp4,0.9397560954093933
dexuumghyb.mp4,0.9716184139251709
dezuxwdjih.mp4,0.622050404548645
dezvqtncth.mp4,0.8281835913658142
dfaeqriiwz.mp4,0.8173910975456238
dfarlbhxsu.mp4,0.821505069732666
dfaslvpqyj.mp4,0.5945789813995361
dfcoszgyow.mp4,0.9796009063720703
dfcschesei.mp4,0.9491175413131714
dferzfqkbu.mp4,0.9587826132774353
dffkcrccsj.mp4,0.9354144930839539
dffmvpqblv.mp4,0.9850543141365051
dffsnfrocs.mp4,0.9471181631088257
dffwjugyxq.mp4,0.13614453375339508
dfgmdzwtdj.mp4,0.9817124605178833
dfgxmbooui.mp4,0.959828794002533
dfgzhzlnpa.mp4,0.9267756938934326
dfhijhjvbb.mp4,0.9252297878265381
dfhnxcowcn.mp4,0.17881342768669128
dfhofezdps.mp4,0.9796468615531921
dfhzmusawi.mp4,0.6981778144836426
dfiwbwdvci.mp4,0.9900000095367432
dfizleqjyx.mp4,0.5503538250923157
dfjeslbxar.mp4,0.9285067319869995
dfkjcoltmo.mp4,0.9848219752311707
dfkkldwxjs.mp4,0.9408162236213684
dfkqciwcxx.mp4,0.8235349655151367
dfkqgmlyqe.mp4,0.0928451418876648
dflerefwqj.mp4,0.23733505606651306
dflmmskmaf.mp4,0.7663634419441223
dflntkllui.mp4,0.959678590297699
dfltwxmthv.mp4,0.934334933757782
dfmgpurley.mp4,0.9897328019142151
dfmrkjvbst.mp4,0.9899999499320984
dfnxqfwtxy.mp4,0.9826205372810364
dfolhoqttw.mp4,0.9535607695579529
dfpmkyzpca.mp4,0.6991274356842041
dfpyystabi.mp4,0.57229083776474
dfqwasrdvq.mp4,0.5373963117599487
dfqzmxyvqw.mp4,0.20439091324806213
dfrblpzrfs.mp4,0.9199568629264832
dfrhdjwfpz.mp4,0.9612178206443787
dfrxcsrixu.mp4,0.985977292060852
dfsgzankji.mp4,0.8589114546775818
dfsudwuyki.mp4,0.9774639010429382
dftyisuemv.mp4,0.9494025707244873
dfueewmwus.mp4,0.957426905632019
dfujjfsabh.mp4,0.9643753170967102
dfulockbbz.mp4,0.9898242950439453
dfvfkozxkx.mp4,0.9809381365776062
dfvwkacxqe.mp4,0.9711617827415466
dfwachzzkr.mp4,0.9893901348114014
dfwtdceztx.mp4,0.9091504216194153
dfxiluowgr.mp4,0.9216271042823792
dfzgnwsdcd.mp4,0.9628558158874512
dgavmmishw.mp4,0.9876518249511719
dgaytezioz.mp4,0.9899682998657227
dgbeekairq.mp4,0.5960896015167236
dgbqnwuqlf.mp4,0.9610595703125
dgbszzkmyr.mp4,0.9666581153869629
dgbxioynxc.mp4,0.9878180027008057
dgcjustqps.mp4,0.9899998307228088
dgcuscqlkd.mp4,0.17559021711349487
dgcyaajqwm.mp4,0.9293620586395264
dgdaodyusj.mp4,0.9201636910438538
dgdvunsamx.mp4,0.9122695922851562
dgezbtjinh.mp4,0.9879733324050903
dgftkfwzwu.mp4,0.1475476324558258
dgfuertkjp.mp4,0.5953793525695801
dgfxvmrcxi.mp4,0.9203646183013916
dggzfnnmwf.mp4,0.9475424885749817
dggzimgtrq.mp4,0.6913281083106995
dghbpnphef.mp4,0.13622824847698212
dghlnlzoks.mp4,0.8876683712005615
dghuodhtqi.mp4,0.9353002309799194
dgizmspftn.mp4,0.9827448129653931
dgjlourgsw.mp4,0.9679549336433411
dgjmstvnpd.mp4,0.9900000691413879
dgjssccxhx.mp4,0.9725085496902466
dgjxfzhrzg.mp4,0.9577476382255554
dgkyrayvtd.mp4,0.8891358375549316
dglnsoibqk.mp4,0.9423769116401672
dglvilfaao.mp4,0.9602935314178467
dgmcoflrox.mp4,0.9723080396652222
dgmerbxfzu.mp4,0.9877139329910278
dgmxfixurf.mp4,0.9042080044746399
dgmzjbwhdm.mp4,0.9864531755447388
dgnnjvelxv.mp4,0.9899424910545349
dgnrrgbuck.mp4,0.9082545638084412
dgnrrzbdki.mp4,0.09904859215021133
dgnzzvfujo.mp4,0.23212553560733795
dgohtipgij.mp4,0.9854161143302917
dgpvbdmebj.mp4,0.9825814366340637
dgqifelufo.mp4,0.843936026096344
dgrsfhioaj.mp4,0.617313027381897
dgrzbruftl.mp4,0.38965925574302673
dgsfaepnum.mp4,0.9821835160255432
dgsvgrqoku.mp4,0.9351502060890198
dgtdgrzifi.mp4,0.11740006506443024
dguibctgnw.mp4,0.9318773150444031
dguimpsjmb.mp4,0.923629105091095
dguncbljmw.mp4,0.10810168832540512
dguvdjysqo.mp4,0.989492654800415
dgvjvwlahu.mp4,0.8998762369155884
dgvqefslkw.mp4,0.3331248164176941
dgwexsksra.mp4,0.9897041916847229
dgwhrhufly.mp4,0.9755218625068665
dgwrkbdoop.mp4,0.8070998787879944
dgxpjtddfz.mp4,0.9070467352867126
dgxwkzjeuh.mp4,0.9849593043327332
dgyidaeucw.mp4,0.9622439742088318
dgyqnulynq.mp4,0.3031153976917267
dgytnkpzjs.mp4,0.9343491196632385
dgzajzyzum.mp4,0.10207260400056839
dhacxelphg.mp4,0.6928908228874207
dhafiubuuv.mp4,0.1780235916376114
dharoobkdi.mp4,0.9589765667915344
dhbbkwlagj.mp4,0.5
dhbixobmeu.mp4,0.9864421486854553
dhbnxpdkof.mp4,0.9894280433654785
dhbzkpirjq.mp4,0.9899457097053528
dhcfvvwvid.mp4,0.9308028221130371
dhcpmedqqw.mp4,0.21323060989379883
dhcvupxnrj.mp4,0.1393624097108841
dhcxruhxqm.mp4,0.9786255359649658
dhdarygjio.mp4,0.985551655292511
dhdbsecfsy.mp4,0.9900000095367432
dhdivhuwly.mp4,0.983955979347229
dhdtvnuglu.mp4,0.9737740755081177
dheglvyxoz.mp4,0.4723455309867859
dhetuxjmnz.mp4,0.9882618188858032
dheynhtlps.mp4,0.9526193737983704
dhfcwchsir.mp4,0.9864112138748169
dhfeyosllj.mp4,0.1873180866241455
dhfinawlcy.mp4,0.9886400103569031
dhfkryfspz.mp4,0.9899999499320984
dhflewbzbo.mp4,0.9689629673957825
dhhpaftgnd.mp4,0.8660769462585449
dhibgljpai.mp4,0.1484702229499817
dhiiiwxtof.mp4,0.8252119421958923
dhinaqxuuj.mp4,0.9899999499320984
dhisuendkq.mp4,0.9882208108901978
dhjmgdgkte.mp4,0.1258796602487564
dhjromtynd.mp4,0.9438189268112183
dhkdjqwfhy.mp4,0.978243887424469
dhkwqxhujb.mp4,0.9104467034339905
dhlibjhsri.mp4,0.9899998307228088
dhlpxgiilz.mp4,0.6271510720252991
dhmgfhlwzp.mp4,0.9000598788261414
dhmovshgex.mp4,0.9899880886077881
dhmqtqggfb.mp4,0.9882556796073914
dhnbifolrc.mp4,0.9881414175033569
dhnoqbblkm.mp4,0.9510959386825562
dhoazaplgg.mp4,0.985956609249115
dhpjfcwifb.mp4,0.9389088153839111
dhprkfvrph.mp4,0.9900000691413879
dhpxicqwzj.mp4,0.9573492407798767
dhsvhffmmv.mp4,0.6818267703056335
dhujlrhlmc.mp4,0.9893819093704224
dhuvrjnggi.mp4,0.975929856300354
dhvakcuotf.mp4,0.43340060114860535
dhvibkkpax.mp4,0.8658342957496643
dhvnzywyuf.mp4,0.9494537115097046
dhvojcmjnl.mp4,0.8922962546348572
dhweakfwyf.mp4,0.9508379101753235
dhwvoebdjs.mp4,0.10972478985786438
dhxfrumvhh.mp4,0.7111979126930237
dhxmdqifot.mp4,0.9868922829627991
dhxrauqahg.mp4,0.9889301657676697
dhyevnqzak.mp4,0.9861893653869629
dhyywwatda.mp4,0.507807731628418
dhzitkpnzx.mp4,0.9573546648025513
dianuqbtho.mp4,0.9664998650550842
dicdynesul.mp4,0.9840319156646729
dicfjxkgdb.mp4,0.9899157881736755
diegrsidvu.mp4,0.9726195335388184
difjzyvozs.mp4,0.817271888256073
difkouazrx.mp4,0.9849238395690918
digadpqbnq.mp4,0.38550305366516113
digodfuebj.mp4,0.9608977437019348
digvzzvyoe.mp4,0.900958776473999
dihikfoowv.mp4,0.9714930057525635
dihltgtngr.mp4,0.9209821820259094
dihvecbwqc.mp4,0.9877379536628723
diiznqknyh.mp4,0.9899999499320984
dijbnarhjk.mp4,0.13106496632099152
dijkbxqbtk.mp4,0.9894155859947205
dijkublluh.mp4,0.9657921195030212
dikjzdxxoa.mp4,0.9189221858978271
dikmwvppsb.mp4,0.972204327583313
dilfieqeyf.mp4,0.938326895236969
dilfumvxqx.mp4,0.9872220754623413
dilvamjaoj.mp4,0.9816256761550903
dilyraxdba.mp4,0.9479273557662964
dimiflrvgt.mp4,0.975936770439148
dimlufgfja.mp4,0.9635341763496399
dimxnfalvi.mp4,0.977025032043457
dimzkihwpf.mp4,0.9895402193069458
dinsbywbwl.mp4,0.13033218681812286
dinswqpjsj.mp4,0.8631386756896973
diopnptloj.mp4,0.7100329399108887
dioueusgrg.mp4,0.1618897020816803
dioxvkiwze.mp4,0.9190743565559387
diozrmqahq.mp4,0.9738436937332153
diptkcsvwb.mp4,0.8663543462753296
diqqbcmidu.mp4,0.9168826341629028
dirfuosarj.mp4,0.6601023077964783
dirmzyzqdc.mp4,0.9898737668991089
disbytpxhu.mp4,0.9880360960960388
diskzkrrph.mp4,0.11095190793275833
disldvkasb.mp4,0.9665020704269409
disvnwrryr.mp4,0.1234167069196701
ditgggwqru.mp4,0.9641574025154114
ditgnohyeb.mp4,0.8709070086479187
ditygkvzml.mp4,0.9829748868942261
diuaptgufo.mp4,0.9769265055656433
diubkvruls.mp4,0.7361217737197876
diufxiirow.mp4,0.9503896832466125
diuoilvnvc.mp4,0.8584581613540649
diwiirjriq.mp4,0.14251597225666046
diwpgiikqw.mp4,0.9802544116973877
diybxapfbw.mp4,0.9864984154701233
diyokbalej.mp4,0.9764704704284668
diztudbgym.mp4,0.9821648597717285
djabgmttqg.mp4,0.609386682510376
djagudgftt.mp4,0.3416980504989624
djbimbpwbg.mp4,0.6278395056724548
djbwlpybbr.mp4,0.9531856179237366
djbxnuqltp.mp4,0.9831917881965637
djchjxxndc.mp4,0.9885468482971191
djckwbjble.mp4,0.9142131805419922
djcwyyddya.mp4,0.7300492525100708
djelvxvyhb.mp4,0.8104476928710938
djhhnixfyi.mp4,0.9325464367866516
djhnisnmzs.mp4,0.9553393125534058
djillmkele.mp4,0.9594495892524719
djiysgzgpe.mp4,0.3376694917678833
djjafmdtxy.mp4,0.9526397585868835
djjdcnhlma.mp4,0.9900000095367432
djjdzsivvi.mp4,0.9800008535385132
djjhidxwnx.mp4,0.7575314044952393
djjtwjtymj.mp4,0.9822389483451843
djkvxejnqm.mp4,0.828238844871521
djkwstalvv.mp4,0.13787741959095
djkzdbcfgb.mp4,0.9799126982688904
djlbwxsyud.mp4,0.9833828806877136
djlgjbpuvk.mp4,0.5572081208229065
djlgnbnsle.mp4,0.973219096660614
djlkkqmjkk.mp4,0.10200357437133789
djlubjyhsj.mp4,0.19518595933914185
djmormcyqu.mp4,0.2204848825931549
djncmccgpw.mp4,0.8283524513244629
djodnxisaa.mp4,0.5224611759185791
djossucaoj.mp4,0.9776209592819214
djozjfcnwk.mp4,0.9582924246788025
djpakbpuym.mp4,0.9873567819595337
djphxzgkco.mp4,0.15811721980571747
djrfxolqxm.mp4,0.9351451992988586
djttvzkrat.mp4,0.7342702150344849
djtxjdqkhn.mp4,0.9595067501068115
djuglubovi.mp4,0.9878644943237305
djurladqta.mp4,0.9827964305877686
djvbsnsiah.mp4,0.1793888956308365
djvustcyne.mp4,0.8450257182121277
djvygkqnxw.mp4,0.9898271560668945
djwcqyqznx.mp4,0.7586413025856018
djwshghuug.mp4,0.9815943241119385
djxcmobexd.mp4,0.9688650369644165
djxogftlxw.mp4,0.9519924521446228
djxtvdtmxx.mp4,0.9841424226760864
djxzmbwtxh.mp4,0.9892950654029846
djycdroxqm.mp4,0.9410706758499146
djynqeqhud.mp4,0.8122275471687317
djytodyczi.mp4,0.92348712682724
djzdpqlzfe.mp4,0.9799470901489258
djzjzfzmel.mp4,0.790723979473114
djzpxvypfp.mp4,0.9866689443588257
dkadyyxwru.mp4,0.09555578976869583
dkaklaptww.mp4,0.953619122505188
dkayifawyz.mp4,0.8358116149902344
dkbpvlmyhq.mp4,0.968908965587616
dkcdwhimur.mp4,0.9900000691413879
dkcffbwxex.mp4,0.8886553645133972
dkdxutvheq.mp4,0.980731189250946
dkecoglfmz.mp4,0.9495729207992554
dkeguzynhx.mp4,0.9842103719711304
dkemxsjleq.mp4,0.35698243975639343
dketpabwga.mp4,0.8667386770248413
dkeywucgch.mp4,0.9883258938789368
dkfyvfjcpr.mp4,0.19002602994441986
dkgmpwbqde.mp4,0.1386616975069046
dkgxnghmhd.mp4,0.9777146577835083
dkgxsuavjw.mp4,0.9408687949180603
dkhdxcsjsk.mp4,0.9879069924354553
dkiiqijowz.mp4,0.16216354072093964
dkisuimzar.mp4,0.9730716943740845
dkjpnomaek.mp4,0.9734702706336975
dkkqtmyitk.mp4,0.9841969013214111
dklyohebjb.mp4,0.9649980664253235
dkmesyoxlp.mp4,0.8876310586929321
dkmyaphiqy.mp4,0.47165292501449585
dkobxivwmn.mp4,0.17967525124549866
dkofkxrhng.mp4,0.9650241732597351
dkpegbxels.mp4,0.9362033009529114
dkpvmylcug.mp4,0.9731889963150024
dkqbuhxzbn.mp4,0.8834239840507507
dkqgphgzgf.mp4,0.979755699634552
dkqzxeudzp.mp4,0.970367431640625
dkrgbzdtot.mp4,0.9633617401123047
dkrjqyfgxb.mp4,0.8943724632263184
dktuqozmst.mp4,0.9709623456001282
dktvjujnqu.mp4,0.13319693505764008
dktwmkgcrz.mp4,0.9748244285583496
dktywrlqgu.mp4,0.9825732111930847
dkuekmvqoy.mp4,0.8771778345108032
dkuuejqoss.mp4,0.8172118067741394
dkuvktiywb.mp4,0.7397181987762451
dkvxzocpnx.mp4,0.9865995049476624
dkwhpqqqaf.mp4,0.9874812364578247
dkxbvpgztu.mp4,0.5000704526901245
dkxermeyac.mp4,0.8656466007232666
dkxsrhspqf.mp4,0.07692684978246689
dkxyfdytbs.mp4,0.2455478310585022
dkyztnifza.mp4,0.46183544397354126
dkzdguggob.mp4,0.9839560389518738
dkzvhtkenl.mp4,0.9851784706115723
dlalkoiknc.mp4,0.9872599244117737
dlazwrjveu.mp4,0.35170814394950867
dlbxnfthal.mp4,0.9664250016212463
dlcbmdkbxz.mp4,0.9643732905387878
dlccyuailb.mp4,0.9167748093605042
dlckdleyaj.mp4,0.986637532711029
dlebjfujap.mp4,0.9533104300498962
dlelgvsnae.mp4,0.40615135431289673
dlezhlbjtu.mp4,0.6905865669250488
dlfjgxzokr.mp4,0.10700425505638123
dlfubjxywg.mp4,0.9811833500862122
dlgcycscay.mp4,0.9900000095367432
dlhibcsuow.mp4,0.9414796233177185
dlhnapxhem.mp4,0.9900000095367432
dlhzfvfgzh.mp4,0.9892160296440125
dliapdgfsg.mp4,0.769577145576477
dljvfmkkpo.mp4,0.6337240934371948
dlkjimbdzz.mp4,0.4336063265800476
dlknkizxrw.mp4,0.8387944102287292
dllkubdbbd.mp4,0.9516885280609131
dlllcetqbw.mp4,0.9888489246368408
dlmfukhdrj.mp4,0.13400420546531677
dlnxsfbljv.mp4,0.8082743287086487
dlogguklox.mp4,0.5572671294212341
dlohmggfrd.mp4,0.9730309844017029
dlqouiqfue.mp4,0.886268675327301
dlrooyspqx.mp4,0.98844313621521
dlsdmdraln.mp4,0.782947301864624
dlszoejyjb.mp4,0.1572159081697464
dltoduaeaj.mp4,0.9838575124740601
dluknggcwk.mp4,0.7050142288208008
dluqlzodmm.mp4,0.967566728591919
dlvuwljayy.mp4,0.9747378826141357
dlvvnxsmyt.mp4,0.9820854663848877
dlwczwqwer.mp4,0.9685746431350708
dlzptoehia.mp4,0.9712923169136047
dmabuhmyel.mp4,0.11108582466840744
dmadqljrab.mp4,0.20470964908599854
dmavufuqqy.mp4,0.861719012260437
dmbhjotdud.mp4,0.9844150543212891
dmbwijgszl.mp4,0.6218704581260681
dmcaboiwzd.mp4,0.989284098148346
dmchxgiecw.mp4,0.959637463092804
dmcnsuwsin.mp4,0.6573894023895264
dmczblhcdt.mp4,0.980641782283783
dmddngkhes.mp4,0.9730224609375
dmdskkrzbc.mp4,0.874281108379364
dmdsqhprqw.mp4,0.9378123879432678
dmebceoylu.mp4,0.9748458862304688
dmecajzxbx.mp4,0.39497390389442444
dmehxjzdmv.mp4,0.1041116714477539
dmelcppgzc.mp4,0.9898521304130554
dmepwdmccf.mp4,0.6096802353858948
dmfaqzikrh.mp4,0.9546108841896057
dmffmleqcu.mp4,0.9739904403686523
dmfysraiiw.mp4,0.9396732449531555
dmgafmocjl.mp4,0.17175345122814178
dmgjhisfnt.mp4,0.9857510924339294
dmgshaefup.mp4,0.9867380857467651
dmhfssknop.mp4,0.9533229470252991
dmhsizbghm.mp4,0.9755233526229858
dmisapphyk.mp4,0.9889062643051147
dmitvectsn.mp4,0.17306189239025116
dmjozwexzt.mp4,0.9833910465240479
dmllscpmpp.mp4,0.786838710308075
dmmdfzagvm.mp4,0.9819179177284241
dmmuakrefq.mp4,0.3251650035381317
dmncsnzmsa.mp4,0.9843148589134216
dmndsesdsu.mp4,0.9355777502059937
dmneorhwcl.mp4,0.9883395433425903
dmniibimgn.mp4,0.9280937314033508
dmnurdpswv.mp4,0.983843207359314
dmoctfubep.mp4,0.9892820715904236
dmokusotwn.mp4,0.9835230708122253
dmomurmnec.mp4,0.9884946346282959
dmonugzxlo.mp4,0.9888795614242554
dmpacchzdi.mp4,0.182132288813591
dmpeqobntf.mp4,0.6906865239143372
dmpfxquzrt.mp4,0.9662185311317444
dmpvbeyuqb.mp4,0.6243810653686523
dmqjmpuosu.mp4,0.9805059432983398
dmqwuutqun.mp4,0.24220022559165955
dmqydcvmyy.mp4,0.9859553575515747
dmsbpidqka.mp4,0.4402416944503784
dmtjqgbezd.mp4,0.2599467933177948
dmubrkqxvd.mp4,0.11204952746629715
dmueaxtkcm.mp4,0.9785151481628418
dmuhzrcbfa.mp4,0.4169829189777374
dmuovykqam.mp4,0.9825910925865173
dmurhipwia.mp4,0.9223716259002686
dmvnzlhpgm.mp4,0.842866063117981
dmxcrspnga.mp4,0.6641939878463745
dmxinfvegm.mp4,0.7090882658958435
dmxwithiff.mp4,0.9898896813392639
dmyojxbjac.mp4,0.8140270113945007
dmyrdvcubh.mp4,0.9399998188018799
dmyydmewnv.mp4,0.9827008247375488
dmzbzcjsrg.mp4,0.9168498516082764
dmzfhikjjo.mp4,0.9886035919189453
dnaoszqxag.mp4,0.9876313209533691
dnargmsmdp.mp4,0.948866605758667
dnarvuxikn.mp4,0.8497835993766785
dnavpslhmy.mp4,0.9892134070396423
dnbnqzidxy.mp4,0.947689414024353
dndpcusmgh.mp4,0.8893733024597168
dndpfhgmlx.mp4,0.9579695463180542
dndurwfpfx.mp4,0.8671914935112
dnebeevzpl.mp4,0.9881960153579712
dnecilutfg.mp4,0.10088693350553513
dnfnxwbsoi.mp4,0.12509207427501678
dnfvyzhnfh.mp4,0.9661639332771301
dngwozfwzc.mp4,0.1282910406589508
dnhaskulaj.mp4,0.8282669186592102
dnhotbpzzg.mp4,0.9563935995101929
dnigdffplp.mp4,0.9899999499320984
dnirzrdpcv.mp4,0.9900000095367432
dnjlbgljyf.mp4,0.8045844435691833
dnksorsbcm.mp4,0.9744347929954529
dnlghyhgfj.mp4,0.5245738625526428
dnlqdcchcz.mp4,0.9534215927124023
dnlshtnedx.mp4,0.9273481369018555
dnlxklfacs.mp4,0.9784232378005981
dnmgjhucsj.mp4,0.9852792024612427
dnmhntrzck.mp4,0.9318704605102539
dnnagoloqb.mp4,0.5564942955970764
dnnvqoyckz.mp4,0.24274611473083496
dnomkfoccj.mp4,0.17177997529506683
dnonvgmeyp.mp4,0.9737226366996765
dnqobuqalm.mp4,0.38965243101119995
dnquugxkdd.mp4,0.9726772904396057
dnratobdph.mp4,0.401470422744751
dnrqehggwv.mp4,0.9837900400161743
dnrttdylqa.mp4,0.9662913084030151
dnrydtpjus.mp4,0.985927402973175
dnsntuccbs.mp4,0.9573415517807007
dnsokgitxl.mp4,0.9217883944511414
dnswxamjjt.mp4,0.08158356696367264
dntihcoxuv.mp4,0.11439955234527588
dnublilpww.mp4,0.9449929594993591
dnuejnupba.mp4,0.9723955392837524
dnvrbqxhqz.mp4,0.8138177990913391
dnvxraeele.mp4,0.7666000723838806
dnwfukbbcn.mp4,0.9892021417617798
dnwhoboviz.mp4,0.65362548828125
dnwkqvsdtm.mp4,0.9856201410293579
dnwmnttyfe.mp4,0.9883221387863159
dnwohsnyob.mp4,0.1480749547481537
dnxpsqsuil.mp4,0.9690821766853333
dnydftpgky.mp4,0.939380407333374
doagslzeae.mp4,0.8969841003417969
doaisfmawr.mp4,0.871781587600708
doazeldxul.mp4,0.8676069378852844
doblwjidzf.mp4,0.9694237112998962
dobmkyconz.mp4,0.8777732253074646
dobniqrlak.mp4,0.1785627156496048
doboalxzro.mp4,0.9898467659950256
dodwessgpl.mp4,0.9899912476539612
doeijjugxc.mp4,0.9900000095367432
doemehunwj.mp4,0.9379999041557312
doevunlyyt.mp4,0.9581947922706604
dofxakipma.mp4,0.9620295166969299
dogibysjkl.mp4,0.9672086238861084
dogotzkdiw.mp4,0.2972225546836853
dohbueaisb.mp4,0.08061736822128296
doheugxdet.mp4,0.18298308551311493
doieimouer.mp4,0.1697310507297516
dojiveigog.mp4,0.1241099163889885
dojorsyreo.mp4,0.9819805026054382
dojtnxqdrq.mp4,0.9900000095367432
donlceyfem.mp4,0.9894114136695862
donrqywxxu.mp4,0.9835550785064697
dopcoxsotn.mp4,0.1342879831790924
dopphjahir.mp4,0.7890541553497314
doprgfnryn.mp4,0.9872997403144836
doptetuggv.mp4,0.9274513125419617
dopulvkqip.mp4,0.9885289669036865
dopxldqkao.mp4,0.8218910694122314
dopyarkmwh.mp4,0.9291208386421204
dorkzruqpe.mp4,0.9715545773506165
dorqiyjsod.mp4,0.8147103786468506
doruflroku.mp4,0.916601300239563
dosezavwhq.mp4,0.9887287616729736
dosjwmjzrx.mp4,0.9465783834457397
dosnxvkzgf.mp4,0.7138118147850037
dosvlktrae.mp4,0.9257000684738159
dousbnlwam.mp4,0.13431324064731598
doveoojfbg.mp4,0.24408823251724243
dovonxgzrn.mp4,0.9783146977424622
dovzpopzop.mp4,0.9893675446510315
dowcqibizd.mp4,0.9900000095367432
dowopnjsjm.mp4,0.4698372781276703
doyfynweis.mp4,0.3606589734554291
doyxphntti.mp4,0.9269680976867676
dozdjdnsrl.mp4,0.2312125265598297
dozswzstib.mp4,0.9827304482460022
dpacxirzme.mp4,0.9285286664962769
dpaqaxgzon.mp4,0.928970992565155
dpbojjwctj.mp4,0.911980390548706
dpcahzyjmo.mp4,0.9734035730361938
dpcbuydqaz.mp4,0.9630077481269836
dpdeszoxlp.mp4,0.14137889444828033
dpdjjmqwqn.mp4,0.08503130823373795
dpdpkevreu.mp4,0.9412699937820435
dpegbdzijf.mp4,0.25379860401153564
dpekatbxlr.mp4,0.939393937587738
dpesoimjjo.mp4,0.9816866517066956
dpetoqdajw.mp4,0.9703392386436462
dpevhliuec.mp4,0.30292829871177673
dpevppxaaz.mp4,0.4373004734516144
dpfdxyzenz.mp4,0.48913684487342834
dpfjhklovx.mp4,0.9781798720359802
dpfuqzdtrs.mp4,0.9879550337791443
dpfygjvurs.mp4,0.952835202217102
dpgaegossz.mp4,0.841829240322113
dpgejlhueq.mp4,0.09954516589641571
dpgjudbvus.mp4,0.13645420968532562
dpglsmiqwm.mp4,0.24054288864135742
dpgxrxlmqj.mp4,0.3640216290950775
dpgznlwvpx.mp4,0.11088307946920395
dphivdjboy.mp4,0.9899999499320984
dphpvmgpbp.mp4,0.9882023930549622
dphqaflxdo.mp4,0.5887245535850525
dphqkybvto.mp4,0.9892835021018982
dphtzcswiu.mp4,0.9661681056022644
dpirglafro.mp4,0.9118286371231079
dpiynoeiwp.mp4,0.9840420484542847
dpjghtzvko.mp4,0.9327366948127747
dpjvdjeduu.mp4,0.132211372256279
dpjzcvczif.mp4,0.6438872814178467
dpkbgifccb.mp4,0.9170206785202026
dpldrcqfdx.mp4,0.6517093181610107
dpmbiymdxs.mp4,0.9610880017280579
dpmzclizkp.mp4,0.9888818860054016
dpoguapjty.mp4,0.9530888199806213
dpoisudctx.mp4,0.760261595249176
dppixhsszo.mp4,0.8261887431144714
dpqocpjswu.mp4,0.4378039538860321
dpqspsnfls.mp4,0.9897347688674927
dpquvbkgoh.mp4,0.9888761639595032
dpsfsvflio.mp4,0.9302043914794922
dpswvtluiz.mp4,0.18601146340370178
dpugwumfok.mp4,0.7865719199180603
dpumavoiti.mp4,0.9828184843063354
dpuzevsqec.mp4,0.9761048555374146
dpvligsdzp.mp4,0.9692997336387634
dpvmizbjmm.mp4,0.9124228358268738
dpvyupznif.mp4,0.15403977036476135
dpwxclnvav.mp4,0.9896109104156494
dpxjxfjxaj.mp4,0.8937436938285828
dpyjlbgxhv.mp4,0.10473007708787918
dpynqhdyal.mp4,0.9825916886329651
dpzpbjufmy.mp4,0.9669062495231628
dpzsgxhecn.mp4,0.34062689542770386
dqbgdbtdij.mp4,0.3631089925765991
dqbhuexjiv.mp4,0.9145358204841614
dqbilrqozl.mp4,0.7192789912223816
dqblrylonj.mp4,0.988666832447052
dqchmjpkwp.mp4,0.37877291440963745
dqcqaciyjp.mp4,0.9900000095367432
dqeexnwfso.mp4,0.5901503562927246
dqevbrjxzm.mp4,0.958581805229187
dqfgwejsvm.mp4,0.09153713285923004
dqfkandnht.mp4,0.9764334559440613
dqfqgkoyax.mp4,0.5032749176025391
dqibpplzly.mp4,0.10587527602910995
dqidxhktvn.mp4,0.15273410081863403
dqidxrvhud.mp4,0.9745253920555115
dqisjtyguv.mp4,0.6184183955192566
dqivnrmzjs.mp4,0.9869769811630249
dqkpfpxrkb.mp4,0.8959414958953857
dqmkthhjbx.mp4,0.7882487773895264
dqmlelzmkk.mp4,0.9883221983909607
dqmmcbbvzh.mp4,0.9023532867431641
dqmrfhgpql.mp4,0.9892339110374451
dqombsgufg.mp4,0.5357926487922668
dqomowdkuy.mp4,0.9699773192405701
dqpjkpgvts.mp4,0.7750210762023926
dqppcbikrv.mp4,0.7790230512619019
dqqeyuatkw.mp4,0.9893829226493835
dqqgfwcmrn.mp4,0.9237591624259949
dqquvfnfir.mp4,0.1229545921087265
dqqzkftrov.mp4,0.9715182185173035
dqrsukajna.mp4,0.970122218132019
dqsbmlbioa.mp4,0.5718266367912292
dqsdcbmoyo.mp4,0.10421603173017502
dqseyefxus.mp4,0.9867233037948608
dqsjrwfcim.mp4,0.9613479971885681
dqstwncfrt.mp4,0.9472638964653015
dqthpbczpo.mp4,0.4559468924999237
dquxguciif.mp4,0.8625332713127136
dqvigmswec.mp4,0.98553067445755
dqwaqerwma.mp4,0.9726448655128479
dqwivnescd.mp4,0.9859573245048523
dqwnndyoti.mp4,0.9632545709609985
dqwstprwis.mp4,0.9889653325080872
dqwzmbwhzo.mp4,0.12472891062498093
dqxprtqlxy.mp4,0.6703608632087708
dqxqmexekn.mp4,0.8385847210884094
dqztatxlqb.mp4,0.9879531264305115
dralbstugr.mp4,0.9835072159767151
drbnyexjsp.mp4,0.9788588285446167
drbqpaasvz.mp4,0.7701128721237183
drcbersvnq.mp4,0.8463426828384399
dreamznfsd.mp4,0.9888850450515747
dreiuqfayx.mp4,0.5796300172805786
dresjrvhhj.mp4,0.9880313277244568
drffprhwll.mp4,0.9818726778030396
drfxxsoqpu.mp4,0.3755890429019928
drgvtllewu.mp4,0.8813716173171997
drheirwjbb.mp4,0.9877110123634338
drhsyogfpq.mp4,0.9818568229675293
drieyseoev.mp4,0.985592782497406
drjbrauwqt.mp4,0.15737511217594147
drjjyrznum.mp4,0.8365613222122192
drjlymljha.mp4,0.9873464107513428
drjmagfuss.mp4,0.9729651212692261
drjmigyisb.mp4,0.9438573122024536
drjnvbiqbu.mp4,0.9838093519210815
drkdtigcja.mp4,0.18774552643299103
drkgblxscz.mp4,0.7813768982887268
drkisthaav.mp4,0.9654450416564941
drlbzmlsuh.mp4,0.989981472492218
drlnvwvvuw.mp4,0.2691487967967987
drmtumqfus.mp4,0.9749565124511719
drnwsctnuh.mp4,0.8331396579742432
