filename,label
aaapwqhxli.mp4,0.29296064376831055
aabqcugcpc.mp4,0.05259092524647713
aabyjxwqyo.mp4,0.9227520227432251
aacehwwzol.mp4,0.6731217503547668
aacmrrcpmr.mp4,0.9358564019203186
aacweweyzz.mp4,0.8235195279121399
aadvqhdtxl.mp4,0.9388543367385864
aaeflzzhvy.mp4,0.9853578805923462
aaeucwtkdx.mp4,0.9525614380836487
aaferzprat.mp4,0.6628987193107605
aafuphyhpt.mp4,0.9176049828529358
aaghqpewzx.mp4,0.9539688229560852
aagsmskgyw.mp4,0.3731197416782379
aagundkpoh.mp4,0.9230055809020996
aahkgsltxw.mp4,0.9129579067230225
aahzjreawd.mp4,0.9681376218795776
aaiqsitvnd.mp4,0.9612866640090942
aaivbtdyjn.mp4,0.11691559106111526
aaixesxaoj.mp4,0.8622101545333862
aajnpdqnlz.mp4,0.5344664454460144
aakjdfqwnu.mp4,0.8685690760612488
aakjukgjme.mp4,0.19734936952590942
aakkhbgnjp.mp4,0.38935670256614685
aakzzdrumy.mp4,0.8244706988334656
aalhdlexwx.mp4,0.7370052933692932
aalkxecnzm.mp4,0.6442769169807434
aamjfukxwp.mp4,0.1589445322751999
aamvplpjbw.mp4,0.9390698671340942
aaonlmxhne.mp4,0.9715859293937683
aarrrzwibf.mp4,0.8893340229988098
aarsgjbafv.mp4,0.6113738417625427
aaszqdbdtk.mp4,0.5760791301727295
aatgqvvrta.mp4,0.9236231446266174
aatstfrpio.mp4,0.9554992318153381
aattrykxcr.mp4,0.7667275667190552
aavnkpdeaw.mp4,0.7322145104408264
aavuzodiub.mp4,0.7352690100669861
aavvshwqnn.mp4,0.9125829935073853
aawddjkkoz.mp4,0.24906012415885925
aawkmrlilr.mp4,0.8371971249580383
aawvkuxypy.mp4,0.2636963725090027
aaxrduwhbi.mp4,0.8553767800331116
aayuqaacef.mp4,0.8255729675292969
aayyqrkmow.mp4,0.44619977474212646
aazbmyxkzg.mp4,0.9637041091918945
aazkzzkbns.mp4,0.8587385416030884
aazsugjvjk.mp4,0.928230881690979
abacmovtxb.mp4,0.9549638032913208
abbhzhtjru.mp4,0.8844976425170898
abbniyapop.mp4,0.8962692618370056
abcrqrbwih.mp4,0.30848395824432373
abcwetphux.mp4,0.771769642829895
abdgairkrk.mp4,0.6543110609054565
abdqmdklio.mp4,0.9419108629226685
abepvlivgr.mp4,0.1494757980108261
abevkjwulb.mp4,0.9496048092842102
abfnyenqdw.mp4,0.38809287548065186
abfwqxqcim.mp4,0.8967126607894897
abganitbvj.mp4,0.6572729349136353
abgmiyhtth.mp4,0.9240168333053589
abgrdkbhch.mp4,0.9282271265983582
abgzebtpyw.mp4,0.9855839610099792
abhdaoikio.mp4,0.9755611419677734
abhlupreiy.mp4,0.9865243434906006
abhssqzhxu.mp4,0.43723154067993164
abhzleejiv.mp4,0.7263826727867126
abiihwztdo.mp4,0.11741510778665543
abiyemtwhw.mp4,0.8259444832801819
abjeigrfib.mp4,0.9268398880958557
abjhsmfczh.mp4,0.9460284113883972
abjkxgezpu.mp4,0.9179926514625549
abjqjcvhwe.mp4,0.14507275819778442
abjsiiiydj.mp4,0.9382379055023193
abkclntljz.mp4,0.11093258112668991
abkepzubca.mp4,0.9292870759963989
abkjuustxy.mp4,0.7658419013023376
abkxlatant.mp4,0.9734224677085876
abkyekgdzs.mp4,0.7223985195159912
abmcjolywn.mp4,0.06819600611925125
abmdetdeok.mp4,0.9406021237373352
abnxwtqpya.mp4,0.7756668329238892
abpanedvow.mp4,0.09456585347652435
abqqjjoabz.mp4,0.8554415106773376
abrfkdizen.mp4,0.1567227989435196
abrzoxzceh.mp4,0.91318678855896
absbzgzmsf.mp4,0.9589229822158813
abshlmrtvt.mp4,0.1462220847606659
absujvyrdm.mp4,0.056485068053007126
abteztchqz.mp4,0.8317248821258545
abtrcaikve.mp4,0.3823287785053253
abtwfjsdra.mp4,0.9338397979736328
abvbbhojqz.mp4,0.8428837656974792
abvpqidzxi.mp4,0.182047501206398
abwadcxlmj.mp4,0.6818134188652039
abwijcvcbe.mp4,0.9368752241134644
abwlafapkf.mp4,0.8591709733009338
abwvxlfyvh.mp4,0.8445506691932678
abxqxkuktx.mp4,0.8442215919494629
abxxxaobry.mp4,0.8923536539077759
abydcbpvfl.mp4,0.8749057054519653
abyewytpxo.mp4,0.9846611618995667
abzdscofnz.mp4,0.843471348285675
abzkaeazro.mp4,0.9427649974822998
abzkauwmbl.mp4,0.05179866403341293
acanmekatk.mp4,0.8917679786682129
acbkbblbaj.mp4,0.11393948644399643
acbnunfplf.mp4,0.9386855363845825
acboheogok.mp4,0.943021833896637
acbztojjhi.mp4,0.750269889831543
accfrqkrni.mp4,0.9573746919631958
acckjqyxad.mp4,0.7316675782203674
accnrseufh.mp4,0.057656969875097275
acdichcibo.mp4,0.07720959186553955
acdinqwqvn.mp4,0.3894807696342468
acdsdxwpcv.mp4,0.10189397633075714
acdzvbtfpo.mp4,0.7327445149421692
acekdubprv.mp4,0.9251078367233276
acekgkqgdg.mp4,0.6840131282806396
acekqocukw.mp4,0.9596534371376038
acerazhyvo.mp4,0.9198533296585083
acesusftoa.mp4,0.5346812009811401
acfaxepklq.mp4,0.3949648439884186
acfontkfbh.mp4,0.08661617338657379
acfwxwjowu.mp4,0.9843617677688599
acgdmcpqoe.mp4,0.2018556147813797
acgnyiipuz.mp4,0.9119420647621155
acgwaylwzk.mp4,0.09859924018383026
acgyspwyqr.mp4,0.9749639630317688
achejkrwas.mp4,0.9283266663551331
achekamhkd.mp4,0.23837798833847046
acirmhvmqj.mp4,0.47063300013542175
aciukwyoli.mp4,0.5140914916992188
aciymzujzb.mp4,0.9538297653198242
acjwdlpzob.mp4,0.5748967528343201
acjwolqjgw.mp4,0.8663635849952698
acjxjweexj.mp4,0.961344301700592
acldlsznmw.mp4,0.4862075746059418
acledardkp.mp4,0.45017796754837036
aclrropsvm.mp4,0.5789151191711426
acmclypsqv.mp4,0.5
acnneviedl.mp4,0.08639691025018692
acnxphmsks.mp4,0.8208544254302979
acojangjjl.mp4,0.9135300517082214
acokjaojew.mp4,0.03345819562673569
acolsfrwgj.mp4,0.1492609828710556
acovzzymlu.mp4,0.9834845662117004
acpdtcpguj.mp4,0.9144617915153503
acqawykwfs.mp4,0.9183337092399597
acqpwmuogz.mp4,0.8933289647102356
acquouyxco.mp4,0.9148315191268921
acrlghmrkp.mp4,0.1528472602367401
acsgqmpdez.mp4,0.9876019954681396
actjhhywdl.mp4,0.48135656118392944
acubjjdopy.mp4,0.13867752254009247
acvfwpmvrw.mp4,0.9249482750892639
acvmhbulie.mp4,0.7183802723884583
acvsdjaqqq.mp4,0.9133760929107666
acwbuvznwf.mp4,0.9578319787979126
acwctvmnlq.mp4,0.08155585825443268
acwegmlcgs.mp4,0.7407163977622986
acwgeumyoy.mp4,0.595729649066925
acwrjqrixb.mp4,0.9509519934654236
acwyzobqer.mp4,0.9316847324371338
acxullwnzh.mp4,0.31610655784606934
acyjzyuamp.mp4,0.100117988884449
acyvqflqkv.mp4,0.05868053808808327
acyybfjpmd.mp4,0.900749921798706
aczlzylqpq.mp4,0.8555970191955566
adalaxvwfv.mp4,0.8865788578987122
adamtvkcrt.mp4,0.790521502494812
adaodkocvq.mp4,0.05859528109431267
adblmfjbta.mp4,0.49197062849998474
adbseuwqjt.mp4,0.8820851445198059
adcejihrnp.mp4,0.49369940161705017
adcomakgmc.mp4,0.5586955547332764
adcxgttehe.mp4,0.09740141034126282
addewzbsic.mp4,0.4496016204357147
addmkzupjn.mp4,0.9297624230384827
addsdoqtzo.mp4,0.8854036331176758
adetbwujux.mp4,0.9879209399223328
adfufsvmcl.mp4,0.9330178499221802
adfzvplbky.mp4,0.9833693504333496
adgpcfwhtf.mp4,0.9167003035545349
adgybhytzs.mp4,0.8124173879623413
adhmuoxxhp.mp4,0.9149258732795715
adjeohbzmp.mp4,0.8622443675994873
adjwiqxrfp.mp4,0.49897074699401855
adkbiscuoo.mp4,0.04532603174448013
adkmserist.mp4,0.2778816223144531
adkvpprwcz.mp4,0.8860586285591125
adlbyccevz.mp4,0.8918983936309814
adlrcdmybm.mp4,0.22069337964057922
adltvboxxd.mp4,0.8807412981987
adnlomirjs.mp4,0.8405374884605408
adovxmilsk.mp4,0.8365030884742737
adplentlpv.mp4,0.9408003687858582
adprkekziz.mp4,0.8761360049247742
adqgbsyomi.mp4,0.0711437463760376
adqirczghu.mp4,0.948398232460022
adrcjenxlz.mp4,0.20892691612243652
adrkthanlb.mp4,0.8604846000671387
adrqlckutl.mp4,0.9773489236831665
adrxofhuxi.mp4,0.5077084302902222
adsxwxeibr.mp4,0.931052565574646
adtavmdgvg.mp4,0.10769109427928925
adtftvevja.mp4,0.9784107208251953
advhlnfwag.mp4,0.9558210968971252
advyjmiozx.mp4,0.7747136354446411
adwujlygpp.mp4,0.1436072140932083
adxeuzvvzb.mp4,0.10752511024475098
adxkyxkepg.mp4,0.702114462852478
adyhhmmvxb.mp4,0.9178973436355591
adyiotxxxu.mp4,0.7198633551597595
adylsrnsan.mp4,0.865056574344635
adzpdfkzaj.mp4,0.5067777633666992
aebhowazav.mp4,0.7219439148902893
aebkhtsigw.mp4,0.023481545969843864
aebrgxdalw.mp4,0.9378151893615723
aebybbzzdp.mp4,0.8375841975212097
aectxtnhws.mp4,0.5017654895782471
aecunwnmcw.mp4,0.025024928152561188
aedcdpbyhq.mp4,0.7427908778190613
aednqykqfh.mp4,0.931559681892395
aeeesixhlh.mp4,0.7732172608375549
aeejycxkwb.mp4,0.9899999499320984
aeepmwyhkk.mp4,0.9666327834129333
aefjjvlmfe.mp4,0.9375406503677368
aefpqqxvbe.mp4,0.8751766085624695
aefxispfct.mp4,0.8986781239509583
aegeiboeus.mp4,0.3897770047187805
aegmpmgpje.mp4,0.907821536064148
aeiagzdnun.mp4,0.8271321654319763
aeicdssqro.mp4,0.8982834815979004
aejqcnyktk.mp4,0.8317177891731262
aejtmxrtxs.mp4,0.8288558125495911
aekosfipob.mp4,0.9084275364875793
aekrohihxa.mp4,0.6492140889167786
aelegvxesy.mp4,0.9201603531837463
aemfpfwron.mp4,0.9424036741256714
aenbgyszpv.mp4,0.19442260265350342
aendggysgf.mp4,0.9418392181396484
aenfqtmksu.mp4,0.9453650116920471
aenrudespm.mp4,0.8296786546707153
aeolxtsnfc.mp4,0.14807476103305817
aeoxlkxmyj.mp4,0.09120124578475952
aepixllcqi.mp4,0.7664845585823059
aeplbqxnge.mp4,0.8698495030403137
aeqslfyyih.mp4,0.9518746733665466
aerabkktdg.mp4,0.9073276519775391
aerpisvqwx.mp4,0.8263348340988159
aetpnobkcv.mp4,0.9515196084976196
aeujbvkafe.mp4,0.9209607243537903
aevbmlbayq.mp4,0.15312470495700836
aeviyhvand.mp4,0.8828345537185669
aevpdbbxoh.mp4,0.7375409007072449
aevqxxxhno.mp4,0.9105176329612732
aevxvajusj.mp4,0.6721203327178955
aewaxxdbjk.mp4,0.7983232736587524
aewkzkqmqj.mp4,0.7020295262336731
aexkdsocpo.mp4,0.7247751355171204
aexrhjvlfa.mp4,0.5609723329544067
aeydtyokjq.mp4,0.9308179616928101
aeyvvhevxe.mp4,0.19192197918891907
aeziwslgvt.mp4,0.9237871170043945
aezndieatk.mp4,0.5552219748497009
aezujunliw.mp4,0.8975359201431274
aezyoffjsd.mp4,0.8939611911773682
aezyquwuci.mp4,0.9407997727394104
afadqgujvi.mp4,0.8620163798332214
afaduxukbd.mp4,0.058650948107242584
afakjxsove.mp4,0.8564432263374329
afatmolcby.mp4,0.966866672039032
afaxsgqksm.mp4,0.8520470261573792
afbscszraw.mp4,0.9055616855621338
afbxszoeml.mp4,0.6302967071533203
afchfngwuj.mp4,0.08108539879322052
afcldghkid.mp4,0.8155235052108765
afcwvndury.mp4,0.21550925076007843
afemctlakq.mp4,0.9600232839584351
afeqcmrcww.mp4,0.9049051403999329
afetvyxndy.mp4,0.8417460322380066
affymoposl.mp4,0.6030542254447937
afgmszwvvg.mp4,0.9423854351043701
afhbouinds.mp4,0.9041979908943176
aficsrypiz.mp4,0.9876223206520081
afigzzlags.mp4,0.8978546261787415
afixxjdxef.mp4,0.8833361268043518
afjiqyggtd.mp4,0.7491865754127502
afkufwvefm.mp4,0.9806475043296814
aflonsoyfh.mp4,0.9560384750366211
aflspexpuy.mp4,0.9587934613227844
afmopoanwn.mp4,0.9206136465072632
afnkxiexxj.mp4,0.9332894086837769
afnzlmwxjr.mp4,0.9501253366470337
afolgdwiix.mp4,0.36907073855400085
afoqnvmfza.mp4,0.9561792612075806
afpjojmsxq.mp4,0.9293261766433716
afplylzzji.mp4,0.9611720442771912
afpqokzmev.mp4,0.46574193239212036
afqatecrhd.mp4,0.8283211588859558
afqaubpglg.mp4,0.895513653755188
afrdmyapxj.mp4,0.9425801634788513
afrwahmczi.mp4,0.9440876841545105
afslhsyvcg.mp4,0.9270528554916382
afttgbsiqt.mp4,0.768847644329071
afuskeckyt.mp4,0.06289851665496826
afuvfbnutt.mp4,0.9150955677032471
afvbadakux.mp4,0.9334131479263306
afvbnsjcyu.mp4,0.8562029600143433
afvlrevses.mp4,0.8210096955299377
afwakzqdin.mp4,0.9404765367507935
afwnbrjjpz.mp4,0.37091585993766785
afwxvdwyuc.mp4,0.7876309156417847
afxuuxmywr.mp4,0.9256849884986877
afynesbqqg.mp4,0.9304359555244446
afyywbpmoh.mp4,0.8660799264907837
afzahsqjgi.mp4,0.9602035284042358
afztrudtkd.mp4,0.9265927672386169
agapxbbgnu.mp4,0.8358511328697205
agaqxbgman.mp4,0.0793992429971695
agayctninz.mp4,0.9303721785545349
agbcymftvq.mp4,0.9418179988861084
agblhurdrh.mp4,0.9023659825325012
agbpetxkrk.mp4,0.8834969997406006
agcdaizeff.mp4,0.8911126852035522
agcmwyvauk.mp4,0.0771089494228363
agcoyyzeju.mp4,0.03986173868179321
agdevdgwsm.mp4,0.4642224907875061
agdgtimgdl.mp4,0.8997159004211426
ageronljbq.mp4,0.9754928946495056
agfivzlsgp.mp4,0.8870300650596619
agfwadzxld.mp4,0.9185724258422852
agfyfocump.mp4,0.6109527349472046
agfzapmdwv.mp4,0.8443771600723267
aggbmxhrgs.mp4,0.03058716654777527
aggiycwmvz.mp4,0.4793553054332733
aggpkjygfy.mp4,0.9551072716712952
aghcwdjoye.mp4,0.9334034323692322
aghjtpfofw.mp4,0.97133469581604
aghqistaok.mp4,0.885979175567627
agigxglzjk.mp4,0.8887450695037842
agiwssahrz.mp4,0.8364834785461426
agklhwhjog.mp4,0.6621389389038086
agkpbfcpiv.mp4,0.9229980111122131
agktbbxwla.mp4,0.9097811579704285
agkvcuntqw.mp4,0.6486706733703613
aglqdsqmim.mp4,0.8614380359649658
agmnmsiywb.mp4,0.8836621046066284
agnvcwmsli.mp4,0.04662616178393364
agomxvsluh.mp4,0.7198716402053833
agplobkyci.mp4,0.04841507598757744
agpvkgrgyj.mp4,0.6650240421295166
agraudgvee.mp4,0.627164900302887
agrdrmjtrq.mp4,0.29701173305511475
agscxjuzvp.mp4,0.9611085057258606
agsjaljtfp.mp4,0.9207760691642761
agsotutjdj.mp4,0.8555842041969299
agsvesfhlc.mp4,0.9224396347999573
agswjtuhss.mp4,0.1411556899547577
agswocdgzj.mp4,0.912317156791687
agtxxhgqyw.mp4,0.4025849401950836
aguwbmeuzu.mp4,0.08994819223880768
aguxpzvexp.mp4,0.9513269662857056
agvggvwpgw.mp4,0.8938196301460266
agvncgirex.mp4,0.641437828540802
agvqqmsyvo.mp4,0.9041863679885864
agwbtwcwwq.mp4,0.9296886324882507
agwonnvtov.mp4,0.9127205014228821
agwrmbdcom.mp4,0.2876299321651459
agyawnxlmv.mp4,0.3300006091594696
agycsxhdjp.mp4,0.4598078727722168
agyozdhdga.mp4,0.03184348717331886
agyrefuzye.mp4,0.8513882756233215
agzkdngoop.mp4,0.9609776139259338
agzpasxmwv.mp4,0.8907065987586975
ahalqtfixi.mp4,0.8488776087760925
ahanoygyei.mp4,0.03793918713927269
ahbdzvywry.mp4,0.697837233543396
ahbfnhuner.mp4,0.7485514879226685
ahbrmguujk.mp4,0.9297546744346619
ahccdihrje.mp4,0.8460496664047241
ahcptgydid.mp4,0.45232832431793213
ahdegpidyf.mp4,0.2554999887943268
ahencqpiin.mp4,0.8291288614273071
ahepenxrrd.mp4,0.8976289629936218
ahfndeqsed.mp4,0.9049990177154541
ahfpwhmsok.mp4,0.9513615369796753
ahfqnhrmbd.mp4,0.9432427883148193
ahfvmgltlg.mp4,0.9560137391090393
ahhjoedhbf.mp4,0.7867040634155273
ahhvwmilvv.mp4,0.7859528064727783
ahihejgaoi.mp4,0.9402602314949036
ahjankljtz.mp4,0.8876174688339233
ahjeixrwwo.mp4,0.905573844909668
ahjgsdsldx.mp4,0.8502989411354065
ahkbgzabfg.mp4,0.8444898128509521
ahkcchuwqq.mp4,0.934624195098877
ahlkrjkpvd.mp4,0.9480160474777222
ahnbazrjlj.mp4,0.9391658306121826
ahnhwpxegb.mp4,0.7789043188095093
ahnsqjtrce.mp4,0.9580051302909851
ahoqopgaey.mp4,0.9842342138290405
ahorlqgstq.mp4,0.0754055455327034
ahoyonpatk.mp4,0.9801632761955261
ahpaydsovz.mp4,0.895605206489563
ahpnrwwibe.mp4,0.04004142805933952
ahpomwuuqc.mp4,0.9192982912063599
ahqausishe.mp4,0.9488312005996704
ahqoyfwmbj.mp4,0.9815329909324646
ahqwgdsqjn.mp4,0.08227674663066864
ahrroblasu.mp4,0.9123223423957825
ahtaeeesuo.mp4,0.1460224986076355
ahtkuwkjvc.mp4,0.9100701808929443
ahtrvxiaky.mp4,0.8512988686561584
ahujkugdci.mp4,0.8368284702301025
ahvatznenl.mp4,0.8640891909599304
ahvnjazgls.mp4,0.8551823496818542
ahvroxnbbr.mp4,0.8915098309516907
ahwyeumiuv.mp4,0.7780150175094604
ahxmhugdvi.mp4,0.9565962553024292
ahycbdxsmi.mp4,0.13992546498775482
ahyopyzjnc.mp4,0.8500691652297974
ahzfqirfkx.mp4,0.05847299471497536
ahzuhugjto.mp4,0.14294539391994476
aiaplmnzaz.mp4,0.602946937084198
aiaxrvlchq.mp4,0.8591353893280029
aiaxyavqce.mp4,0.914887011051178
aibcynuhkv.mp4,0.8909989595413208
aibxtmpppt.mp4,0.9298352599143982
aibyxmwvfw.mp4,0.9322208762168884
aifkdzbaoh.mp4,0.5940942764282227
aifuqnayux.mp4,0.24370883405208588
aigfuneurk.mp4,0.07673691213130951
aigncbayvh.mp4,0.9612627029418945
aigufxcoyu.mp4,0.9251455664634705
aigvwkmsmp.mp4,0.5714412927627563
aihnytdica.mp4,0.26632896065711975
aiibawuqtp.mp4,0.48276814818382263
aiihfyykkb.mp4,0.6329323649406433
aiiqqfaihm.mp4,0.9685922861099243
aijdqpqexk.mp4,0.971318781375885
aijegkeygj.mp4,0.9084429740905762
aijmlfesyw.mp4,0.0879964679479599
aijxucsclo.mp4,0.5675892233848572
aikcsvtwxj.mp4,0.053845226764678955
aildcyhkso.mp4,0.8521629571914673
ailhqhhqtl.mp4,0.9477035999298096
aimsrnwtvo.mp4,0.21039532124996185
aimvdfybka.mp4,0.9484928250312805
ainwxnaqlo.mp4,0.8903465270996094
aiovfueakc.mp4,0.25504860281944275
aipyyuyypd.mp4,0.614288330078125
aiqilfmklp.mp4,0.8959376811981201
aiqjrdcrzi.mp4,0.7058975100517273
airktntzqp.mp4,0.8564224243164062
airnsbszvn.mp4,0.8975363969802856
aisjmesfqi.mp4,0.9489241242408752
aithjjsyax.mp4,0.8068220615386963
aitoysnomk.mp4,0.13305889070034027
aiucrzbces.mp4,0.9007685780525208
aiuydkbjok.mp4,0.9355481266975403
aivslmwqcd.mp4,0.9219257831573486
aiyicetcoo.mp4,0.7208253741264343
aizcowqwmg.mp4,0.985098659992218
aizdhhesnq.mp4,0.6897718906402588
aizythrjcu.mp4,0.9390466809272766
ajajvcjnlm.mp4,0.879928469657898
ajbfsfwphp.mp4,0.8960391879081726
ajbmmkwnzf.mp4,0.5904003977775574
ajbtpylnqr.mp4,0.9404119253158569
ajbxbxcrdo.mp4,0.3877449035644531
ajcxyezjol.mp4,0.9565513134002686
ajflstmejh.mp4,0.9444090723991394
ajgilbyczx.mp4,0.8213927745819092
ajhezglysr.mp4,0.9006395936012268
ajhmvnssbb.mp4,0.10906366258859634
ajicammobe.mp4,0.8328162431716919
ajiljtvzao.mp4,0.15682673454284668
ajintjubct.mp4,0.9119324684143066
ajjnueuzlr.mp4,0.9564844369888306
ajkdcjnonp.mp4,0.08992492407560349
ajkfvjrqkh.mp4,0.9487864971160889
ajkrquvpzn.mp4,0.9438848495483398
ajmmfbufil.mp4,0.28106459975242615
ajmrksuirh.mp4,0.9066481590270996
ajmvszeaho.mp4,0.9170278310775757
ajmzpbtjqg.mp4,0.8413010835647583
ajnbiohajd.mp4,0.9604336023330688
ajnchhutru.mp4,0.9679656624794006
ajnzuiktuo.mp4,0.9275448322296143
ajoqxfuxhi.mp4,0.6999268531799316
ajplbzrmld.mp4,0.10702594369649887
ajpzditips.mp4,0.9143617153167725
ajtbogddxv.mp4,0.8669639229774475
ajtgkeqmiz.mp4,0.6474093794822693
ajtuiopeww.mp4,0.8895531892776489
ajuczobjuj.mp4,0.8227525353431702
ajuqldphwa.mp4,0.09244620054960251
ajwbewcmwi.mp4,0.8999698758125305
ajwegzsjwr.mp4,0.9376753568649292
ajwfztlkxy.mp4,0.8840097784996033
ajwiijfltt.mp4,0.9244045615196228
ajwqejboet.mp4,0.9602303504943848
ajwydwvzvb.mp4,0.8688070774078369
ajxfwvzifj.mp4,0.9763631224632263
ajxkpwjgsy.mp4,0.9157233834266663
ajxkvlpgov.mp4,0.903378963470459
ajxmlhcsqa.mp4,0.9120614528656006
ajxmoyqvmj.mp4,0.7654516696929932
ajxuotftix.mp4,0.679885983467102
ajxzupgmgo.mp4,0.8089621663093567
ajyexgaimz.mp4,0.9577521681785583
ajygfujjfi.mp4,0.9900000095367432
ajzzikvfrj.mp4,0.9555586576461792
akaaoybeeq.mp4,0.8910257816314697
akaqyxcfep.mp4,0.7776844501495361
akaxdmtnod.mp4,0.9281948804855347
akbkrvrvbs.mp4,0.8914836645126343
akbqkjuopj.mp4,0.16463187336921692
akcebajhgd.mp4,0.8884950876235962
akcjgnmrfr.mp4,0.9430932998657227
akcnpwdjjk.mp4,0.9771239757537842
akddowubef.mp4,0.19040095806121826
akdqrdkelr.mp4,0.966571569442749
akdvkdoyoh.mp4,0.1838710755109787
akfostnsgl.mp4,0.4780348241329193
akfzfrevcc.mp4,0.958158016204834
akgyyniqoz.mp4,0.9199225306510925
akhfhjgnnv.mp4,0.13936762511730194
akhpyauffl.mp4,0.8961029648780823
akhzndtglc.mp4,0.9255384206771851
akjimeoiox.mp4,0.793046772480011
akjumsnpsh.mp4,0.9637014269828796
akknskjakh.mp4,0.974124550819397
aklaysonru.mp4,0.9246488809585571
akmcyevhhf.mp4,0.8427528738975525
akmkcxguii.mp4,0.07831315696239471
akmteetttx.mp4,0.8224180936813354
aknblktwhg.mp4,0.977432131767273
aknrpivxgd.mp4,0.905475378036499
aknynjmtzb.mp4,0.9552949070930481
akpbyalynb.mp4,0.3676634728908539
akphckavlg.mp4,0.925358235836029
akrabxcbds.mp4,0.6291598677635193
aksipjcmaq.mp4,0.8655009865760803
aktakhpugu.mp4,0.8851480484008789
aktdcwdclx.mp4,0.1900883913040161
aktgcyeqeo.mp4,0.09168259799480438
akulaikjcg.mp4,0.9283877015113831
akulddirwt.mp4,0.8635419011116028
akupygwxyv.mp4,0.9755672216415405
akvcrttvvo.mp4,0.1100744977593422
akvcvafqwk.mp4,0.4833872318267822
akverwmrdo.mp4,0.7424394488334656
akviyudhhp.mp4,0.5449928641319275
akvmwrdseh.mp4,0.10821301490068436
akwjimvvzy.mp4,0.9785012006759644
akxtsuinpj.mp4,0.12215269356966019
akxztlfsks.mp4,0.9453035593032837
akyhfvfflu.mp4,0.9030040502548218
akyjotmrcu.mp4,0.6176541447639465
akyuzdjjvj.mp4,0.9687981009483337
akzctljlag.mp4,0.8909395337104797
alaqopxmhw.mp4,0.8985024690628052
alaxwpwdyb.mp4,0.7403723001480103
albmkgvkhm.mp4,0.8979254364967346
alceyaduzi.mp4,0.9733880758285522
alclpnubdd.mp4,0.8617027997970581
alddoocxqo.mp4,0.8039681315422058
aldnupmnka.mp4,0.8394730091094971
aldxnorbdp.mp4,0.7280956506729126
aledotxnmz.mp4,0.8908072113990784
aleiiisdzv.mp4,0.6912233233451843
alevzwjovd.mp4,0.9207313656806946
aleynhequh.mp4,0.6813783049583435
alezaywuxv.mp4,0.7272399067878723
alfoimlaul.mp4,0.8633922934532166
algcxuxkge.mp4,0.780470609664917
algkqmxdkj.mp4,0.9510068893432617
alidbnaydf.mp4,0.7946069240570068
aljukgvthe.mp4,0.9103894233703613
aljyahbmje.mp4,0.8346355557441711
alkeuibdtl.mp4,0.05251922085881233
alkhjykzhv.mp4,0.9742457866668701
allbpxjonx.mp4,0.46847257018089294
allzkplefm.mp4,0.9213441610336304
alpjodptvs.mp4,0.8180073499679565
alpmztosny.mp4,0.8382863998413086
alqbgeothz.mp4,0.9835017919540405
alqqvruble.mp4,0.8981655836105347
alrhucxcnv.mp4,0.06911921501159668
alrjjpkdwb.mp4,0.10662640631198883
alrtipudhw.mp4,0.9071624875068665
alrygoogve.mp4,0.9687209725379944
alseiqnfnc.mp4,0.982988715171814
altfvrpmxe.mp4,0.9598281383514404
altqelkpqj.mp4,0.8692280650138855
altsldzvrj.mp4,0.9090367555618286
altttvjaxx.mp4,0.8948164582252502
alunlwxvze.mp4,0.9584859609603882
alvbydoswv.mp4,0.8685095906257629
alveuecehk.mp4,0.674229621887207
alvqhgaeeu.mp4,0.8843978643417358
alvtzfofgl.mp4,0.4498295187950134
alvymawvku.mp4,0.9544984102249146
alwawapjwq.mp4,0.9308900833129883
alxhjctmkg.mp4,0.9566457271575928
alxiptcihe.mp4,0.6371493935585022
alxzfebwcx.mp4,0.8184833526611328
alybjlhtmt.mp4,0.9221817255020142
alygipvchi.mp4,0.9025668501853943
alypwytrnl.mp4,0.21061542630195618
alyxfsgfab.mp4,0.9894483685493469
alzajhomle.mp4,0.948429524898529
alzbizkswy.mp4,0.25771528482437134
alzoglbicl.mp4,0.8654659986495972
alzrreiirg.mp4,0.867423951625824
alzsiirjyn.mp4,0.2853456437587738
ambmklrhtt.mp4,0.9004943370819092
amckcjeoee.mp4,0.8733515739440918
amdflcvyaf.mp4,0.9417130947113037
amdkokqlfq.mp4,0.8484587669372559
amdlrymezn.mp4,0.6135000586509705
amdoecgegz.mp4,0.7826656699180603
amdomkmlov.mp4,0.7200432419776917
amdrqfyqgr.mp4,0.8951839804649353
amdsocyvfq.mp4,0.9203967452049255
amecqqixzs.mp4,0.8843279480934143
amgffqquxp.mp4,0.37865522503852844
amgvrxpnsj.mp4,0.8020204305648804
amhaovcmkc.mp4,0.04738268628716469
amiqkliwtf.mp4,0.5039288401603699
amivrvwesd.mp4,0.6429187655448914
amkhfybfxf.mp4,0.9837799072265625
amkvbktnmb.mp4,0.0511014349758625
amlkmjcbsg.mp4,0.9064105749130249
amlxclbtvg.mp4,0.8609012961387634
amlxxdddxe.mp4,0.9624577760696411
ammcdfkxfl.mp4,0.9486443400382996
ammsbhroun.mp4,0.8940058946609497
amnlztdajc.mp4,0.12842413783073425
amnzjdtmtg.mp4,0.2981046438217163
amocgevapl.mp4,0.9316092729568481
amooumaljz.mp4,0.8230963349342346
amoyritjif.mp4,0.9538658857345581
ampejireoy.mp4,0.06284429132938385
amptorfnua.mp4,0.9559445381164551
ampwuteugc.mp4,0.8602421879768372
amsrzsvcij.mp4,0.8085116147994995
amujoiikax.mp4,0.988139808177948
amukqwhssg.mp4,0.886366605758667
amumyipktv.mp4,0.9240462183952332
amvskovhei.mp4,0.6855469942092896
amwmnvuftj.mp4,0.9486450552940369
amwqklteuh.mp4,0.9337419867515564
amxeybwksq.mp4,0.6230126619338989
amxtgpskys.mp4,0.5470331907272339
amxuvbrmfj.mp4,0.8161566257476807
amzkbxslyy.mp4,0.9571220874786377
amzlsaeqee.mp4,0.9487469792366028
amzrqwbvqq.mp4,0.8646711111068726
anaagxljms.mp4,0.9228264689445496
anaykjgpmk.mp4,0.9122415781021118
anbkhkungt.mp4,0.8560465574264526
anbteaeopm.mp4,0.8844324350357056
andnipfbgy.mp4,0.10723090171813965
andzbwhpem.mp4,0.9858049750328064
aneiwfhzlo.mp4,0.9130606055259705
anfupdhmyr.mp4,0.41876959800720215
angajnjmxi.mp4,0.6132816076278687
angqjpzdts.mp4,0.972059965133667
angygvuwwn.mp4,0.9280259609222412
anitiqaike.mp4,0.4641071557998657
anjajlmrio.mp4,0.9448223114013672
anjlxbnxpo.mp4,0.7713900804519653
anjzjprypc.mp4,0.9519182443618774
anjzzdyhno.mp4,0.06495421379804611
ankeipmksk.mp4,0.9736934900283813
ankjkezbvp.mp4,0.7733269333839417
ankmhqwytc.mp4,0.8618903160095215
ankndwoptl.mp4,0.9385598301887512
ankyspxepw.mp4,0.7850348949432373
anldmbjxxt.mp4,0.294699490070343
anmonywvkk.mp4,0.6623673439025879
anmqqumghf.mp4,0.7820606827735901
annrepersn.mp4,0.5681289434432983
annsmfhdgk.mp4,0.0446244552731514
annxqhdget.mp4,0.9541513323783875
anokulqnvk.mp4,0.8655036687850952
anpptpyvxe.mp4,0.7152562737464905
anrerutgdg.mp4,0.45337924361228943
anrlivgkfq.mp4,0.9042953252792358
ansoiwvrqm.mp4,0.6009175777435303
antlihmfhm.mp4,0.958537220954895
antpydooxs.mp4,0.9562528729438782
antzbewqab.mp4,0.6659173965454102
anuwikwvow.mp4,0.9886314868927002
anvjqfsmcr.mp4,0.8230277299880981
anvlfhrwpv.mp4,0.9699668884277344
anvoqxldcw.mp4,0.9307394623756409
anvzovvyug.mp4,0.9185646772384644
anwgwhqtif.mp4,0.06429673731327057
anwjjhmbqt.mp4,0.17350374162197113
anwrkkclze.mp4,0.9500882625579834
anwtfblvbr.mp4,0.9143972396850586
anwxwllvfg.mp4,0.8961619734764099
anxeqgmacn.mp4,0.8012216687202454
anycsvryvs.mp4,0.08126910030841827
anyeaafmht.mp4,0.9497122168540955
anyhkuudjx.mp4,0.4473526179790497
anytvmbxsa.mp4,0.9797555208206177
anzenqcwqo.mp4,0.17711155116558075
anznjoyqhx.mp4,0.8577684164047241
anzukkbyvj.mp4,0.9242121577262878
anzwccijbl.mp4,0.7659258246421814
aoahphnoed.mp4,0.9601818919181824
aoaigusywb.mp4,0.9199440479278564
aoamhavbyb.mp4,0.8731175065040588
aoaqpznmgn.mp4,0.8206515908241272
aodheokfzn.mp4,0.9016388654708862
aodijlfnur.mp4,0.9543951749801636
aodjxpwsng.mp4,0.8979175686836243
aodpwamaqd.mp4,0.8202724456787109
aodqhsxdgk.mp4,0.8743875622749329
aodrcrvodk.mp4,0.98100346326828
aodscsqoyc.mp4,0.2998591363430023
aoeuvrhatp.mp4,0.4483928382396698
aoevmbkult.mp4,0.12638972699642181
aofijxylul.mp4,0.9398490786552429
aofjdfbvsf.mp4,0.7005135416984558
aofqqeiisz.mp4,0.9420472383499146
aogedidtxq.mp4,0.8420656323432922
aogeoiljkt.mp4,0.9125961661338806
aogsgxgjij.mp4,0.9404838681221008
aogwcxcdcv.mp4,0.8006449341773987
aohxiyjceo.mp4,0.9581379890441895
aoiejhrhmt.mp4,0.8219286799430847
aoigsecafe.mp4,0.4600677192211151
aojabqhgsp.mp4,0.14927509427070618
aojlfcewvk.mp4,0.9422371983528137
aokalwxzig.mp4,0.8084471225738525
aokgqgryat.mp4,0.15542343258857727
aolbdipqql.mp4,0.954413890838623
aolhuwcdwv.mp4,0.8751031160354614
aomdezxgzc.mp4,0.6564568877220154
aomhbqppxn.mp4,0.9053443074226379
aomowspatw.mp4,0.821130096912384
aomsunroqu.mp4,0.9083508253097534
aonfdzjsem.mp4,0.9736931920051575
aonprngsys.mp4,0.9444109201431274
aopirydans.mp4,0.6947487592697144
aopvrfrydo.mp4,0.932602047920227
aoqbcjoqjh.mp4,0.44231897592544556
aoqzxlwvmi.mp4,0.17673082649707794
aosmlwbjrc.mp4,0.9527676105499268
aouzlroqzt.mp4,0.9202050566673279
aovdrmcokm.mp4,0.9288833737373352
aovrlwlzpr.mp4,0.08428139239549637
aovruftlxk.mp4,0.06153064966201782
aovskzsqqy.mp4,0.8540013432502747
aoxcttbsju.mp4,0.2631594240665436
aoxjbzqjey.mp4,0.9783554077148438
aoxjeneofv.mp4,0.7886327505111694
aoxltdxgll.mp4,0.955424964427948
aoybdbmisp.mp4,0.8059626221656799
aoydavjcbz.mp4,0.21637003123760223
aoyoopetdx.mp4,0.1976752132177353
aoyvghuegg.mp4,0.8484207987785339
aozliqzela.mp4,0.9538744688034058
apansjedym.mp4,0.13015280663967133
apasrbjbwu.mp4,0.9204630255699158
apaubiovvf.mp4,0.9207326173782349
apaxorirnn.mp4,0.9253897666931152
apbjpqiswq.mp4,0.8521153926849365
apcjdaqzwa.mp4,0.5577709078788757
apcqyakznt.mp4,0.7139540910720825
apddumqkmt.mp4,0.7222907543182373
apdmamltet.mp4,0.9645933508872986
apdowqkvix.mp4,0.8473339676856995
apeeelwdlp.mp4,0.8858456611633301
apfcpcyonw.mp4,0.9714136123657227
apfdcxttpz.mp4,0.0838565081357956
apfgnkqiks.mp4,0.8875576257705688
apfribzdle.mp4,0.2525908648967743
apfwbpnetp.mp4,0.8772599101066589
apgbfczjzd.mp4,0.6071975827217102
apgbzciuhr.mp4,0.8738377690315247
apgqqohtno.mp4,0.8916571140289307
apgwlpvvwt.mp4,0.9110670685768127
aphwcjltag.mp4,0.9862189888954163
apifhdspiu.mp4,0.8834702968597412
apjovfzzft.mp4,0.7086240649223328
aplfgrenfv.mp4,0.941583514213562
aplurzejra.mp4,0.9259381294250488
apmowtywei.mp4,0.8531436920166016
apmoyovxid.mp4,0.5435239672660828
apmytvgnaj.mp4,0.9088051915168762
apnbrekjfa.mp4,0.7353377938270569
apnluiftyn.mp4,0.9613391160964966
apofytyhxk.mp4,0.9403896331787109
apojgziubj.mp4,0.9215790033340454
apowswlyzi.mp4,0.8089375495910645
appvffejyy.mp4,0.10829205065965652
aprtfacuwr.mp4,0.967376708984375
aprylcdijv.mp4,0.9192221760749817
apscwnwndu.mp4,0.8451797962188721
apsjgjohkd.mp4,0.9346947073936462
apswbbedxn.mp4,0.9307721257209778
aptjgrmarh.mp4,0.8361327648162842
aputskujlt.mp4,0.9458257555961609
apvhgeulvy.mp4,0.9710980653762817
apvktqqhcq.mp4,0.9060219526290894
apxcatgxts.mp4,0.8995014429092407
apxrqexuvg.mp4,0.54653000831604
apycffuwrg.mp4,0.5869462490081787
apyzikguhs.mp4,0.8759034872055054
apzltxnnfe.mp4,0.8704444766044617
apztusvlxo.mp4,0.8376894593238831
aqakglyrht.mp4,0.3626444637775421
aqaqgzihfa.mp4,0.5133160948753357
aqbcsxrsjx.mp4,0.2500237822532654
aqcajigjfm.mp4,0.7177020311355591
aqdgarsevm.mp4,0.0944671630859375
aqdnmfsdaw.mp4,0.9535349607467651
aqeecyhmzd.mp4,0.9408652186393738
aqegtqxxdj.mp4,0.9539464116096497
aqeukjoshi.mp4,0.5756824016571045
aqfeqkckjs.mp4,0.9015971422195435
aqfimhexfc.mp4,0.908503532409668
aqfknwdsjr.mp4,0.977063775062561
aqfnbkwyct.mp4,0.9857757687568665
aqfnfsbqft.mp4,0.07099523395299911
aqgjounhqv.mp4,0.10543584823608398
aqhaqkqbsn.mp4,0.8417278528213501
aqhbszcpal.mp4,0.8100352883338928
aqhlpyacll.mp4,0.35059747099876404
aqipkezofh.mp4,0.9769989848136902
aqixnwknzx.mp4,0.6829742193222046
aqjjfkydvf.mp4,0.4266335666179657
aqjpwskcci.mp4,0.9678731560707092
aqjzqcfosw.mp4,0.8583437204360962
aqkvqvmxta.mp4,0.6316940188407898
aqlfwgrjbg.mp4,0.7555415630340576
aqmdamzkzw.mp4,0.3881915807723999
aqmdrnrunl.mp4,0.7622813582420349
aqmzquqqzi.mp4,0.1032293364405632
aqoaolvbwr.mp4,0.1531892716884613
aqoiohqcbj.mp4,0.7304206490516663
aqooxilfzc.mp4,0.8318760395050049
aqozyybzlr.mp4,0.11551392078399658
aqpcbawfuc.mp4,0.8916332125663757
aqpfnbapix.mp4,0.8084438443183899
aqpgiwkfuc.mp4,0.5045393109321594
aqpjdjnvky.mp4,0.1327972710132599
aqqkokuaar.mp4,0.9428446888923645
aqquulzxpp.mp4,0.7076069712638855
aqrzuafttg.mp4,0.9009514451026917
aqsgzoxyok.mp4,0.16511140763759613
aqsjhodxqh.mp4,0.052848126739263535
aqsnonrndh.mp4,0.516412079334259
aqsoyqygky.mp4,0.0980214923620224
aqsrbioktt.mp4,0.938383162021637
aqtavzvdbv.mp4,0.6659002304077148
aqtwaoeacu.mp4,0.913823127746582
aqujbitkrd.mp4,0.8678386211395264
aquooykzmc.mp4,0.43274009227752686
aqvaysmpzk.mp4,0.22116397321224213
aqviuapbyq.mp4,0.6398491263389587
aqvjwcnmgn.mp4,0.8573318123817444
aqvywunszy.mp4,0.9154958724975586
aqwfpoewqb.mp4,0.3664184510707855
aqwfxoqtqu.mp4,0.9334648847579956
aqwziiggkr.mp4,0.0968354195356369
aqxqtiahts.mp4,0.4310254156589508
aqybwsiyfy.mp4,0.9439386129379272
aqyemwessu.mp4,0.3548860251903534
aqymrqseqg.mp4,0.30434346199035645
aqyqaqjvkr.mp4,0.8563002347946167
aqzbjebvhu.mp4,0.27999642491340637
aqzkiwfvlv.mp4,0.06631720066070557
aqzwjwqwuq.mp4,0.7956733107566833
arawwqrgxr.mp4,0.9296945929527283
arbeiwacbk.mp4,0.8929716944694519
arcigchzav.mp4,0.6836627721786499
ardfibzljb.mp4,0.09849047660827637
ardkbqszob.mp4,0.902082085609436
arebkvnjtb.mp4,0.9797936081886292
aretvijthh.mp4,0.11523930728435516
arfdnjtlop.mp4,0.8934487104415894
arflgfcnkg.mp4,0.866119384765625
argfibbhsp.mp4,0.9105955958366394
argpgzyddc.mp4,0.5652617812156677
argxbsvrps.mp4,0.6478410959243774
arhbstyqkw.mp4,0.9754440784454346
arhxaejjgk.mp4,0.5560528039932251
arixtqglae.mp4,0.9051289558410645
arjdbfrxvu.mp4,0.9184726476669312
arjhugbkjr.mp4,0.9237595796585083
arjihnnsxp.mp4,0.9080180525779724
arkvqylmce.mp4,0.9000419974327087
armthxafvt.mp4,0.8554784059524536
arnoeknrix.mp4,0.8642364144325256
arnshkdhmt.mp4,0.736411988735199
arnxqwlhhy.mp4,0.9489256739616394
arnynohkiq.mp4,0.7235779166221619
arovnvjxul.mp4,0.9686604738235474
arovusxbcb.mp4,0.3126600384712219
arowpzepzu.mp4,0.6186357736587524
arpkmdcyta.mp4,0.9166314601898193
arqadmwicu.mp4,0.040029581636190414
arqbrqbjtt.mp4,0.9738845825195312
arqhhrzzfe.mp4,0.6100017428398132
arqigrccnb.mp4,0.6305814385414124
arqkfspbhv.mp4,0.6601091623306274
arrflbwjau.mp4,0.9451455473899841
arruqttjtu.mp4,0.3385852873325348
arruxldloh.mp4,0.9711506366729736
arskgfjbig.mp4,0.9286276698112488
arstrttqeg.mp4,0.9432157278060913
arsyutncba.mp4,0.4043159484863281
artyhhqalj.mp4,0.9580824971199036
aruvraefdk.mp4,0.24733585119247437
aruyyclubn.mp4,0.8636391758918762
arvezfgabn.mp4,0.9098703861236572
arwefyghir.mp4,0.31640809774398804
arwiyweadv.mp4,0.08124949038028717
arxtdzaufb.mp4,0.9853642582893372
aryesdeggf.mp4,0.8173195719718933
aryxrnnlsr.mp4,0.9252825379371643
aryycfonig.mp4,0.9089245200157166
arzibochtu.mp4,0.943604052066803
arzmfjryua.mp4,0.9535750150680542
asaatlgelc.mp4,0.959545910358429
asabhwhxbh.mp4,0.860887885093689
asahxwzgiu.mp4,0.9187840819358826
asanbqerkb.mp4,0.9214463233947754
asarlqgmqi.mp4,0.919470489025116
asbrrnbkbn.mp4,0.6677163243293762
ascrpmppub.mp4,0.3501042127609253
asddammewq.mp4,0.22762034833431244
asdfeigenc.mp4,0.9620208740234375
asdinxfscu.mp4,0.9633015990257263
asdobemvhs.mp4,0.5499856472015381
asebjkxyih.mp4,0.6943417191505432
asetdhavnb.mp4,0.6273914575576782
asewdghwiy.mp4,0.16660815477371216
asewluvyef.mp4,0.4686487913131714
asezorxmhf.mp4,0.15324264764785767
asfdlwrfhj.mp4,0.9555139541625977
asfhofohez.mp4,0.9452781081199646
asgsjbpgdn.mp4,0.9560099244117737
asgzesadhh.mp4,0.41940873861312866
ashqrawqub.mp4,0.6883673071861267
ashuwsyjoy.mp4,0.6178846955299377
asiuftijhs.mp4,0.9355621933937073
asiwswrgnh.mp4,0.8693881034851074
asiwzzmvey.mp4,0.9893890619277954
asjekccfmc.mp4,0.9093707203865051
asjwojmbtw.mp4,0.8460853099822998
askalizlde.mp4,0.9766305088996887
askbwhvcty.mp4,0.9807854890823364
askydwekiz.mp4,0.6730515956878662
aslagfljgq.mp4,0.21714407205581665
aslokfrsbj.mp4,0.823347806930542
aslxmgtptv.mp4,0.8827863335609436
asmturwvvg.mp4,0.5391476154327393
asnhojocyk.mp4,0.9666857719421387
asokwizksz.mp4,0.8449151515960693
asopsoelan.mp4,0.09474439173936844
asownnwcfl.mp4,0.08999675512313843
aspqeufuad.mp4,0.9372912049293518
aspxqtipuv.mp4,0.7831978797912598
asquqxqfgt.mp4,0.9166219830513
asrdxfgoax.mp4,0.05932343006134033
asrqbwjtvi.mp4,0.8246168494224548
asrqdjylvs.mp4,0.5787786245346069
assetebyvu.mp4,0.5786148309707642
asswuixayc.mp4,0.9832942485809326
astmemhkkb.mp4,0.9327206611633301
astngczbtb.mp4,0.892953634262085
astsglvnfu.mp4,0.9628346562385559
astycpcvjv.mp4,0.9206930994987488
asunvzmjhu.mp4,0.8969535827636719
asusdwxyxp.mp4,0.731523334980011
asvuutypvz.mp4,0.9426330924034119
asvzmbozcs.mp4,0.9162337779998779
aswennsiif.mp4,0.8801497220993042
aswtwwuiva.mp4,0.8368985056877136
asyjnjjldz.mp4,0.8616084456443787
asyngyvjas.mp4,0.9123199582099915
asytpbwdda.mp4,0.8796616196632385
aszpchzkyg.mp4,0.7264452576637268
aszpjdkvys.mp4,0.7824365496635437
aszsocbkpa.mp4,0.9170215129852295
atabwvdlhh.mp4,0.6553763747215271
atafcwjaia.mp4,0.8811644911766052
atahzrvlsa.mp4,0.8823087811470032
ataynkhdcf.mp4,0.7878603935241699
atcvvcoejg.mp4,0.03865615651011467
atdhxneulh.mp4,0.9861888289451599
atdtoujvdc.mp4,0.5156645178794861
atdwnhxgoe.mp4,0.896440327167511
atedpzfvyf.mp4,0.07370566576719284
ateeagebpq.mp4,0.9457998871803284
ateioktfar.mp4,0.8041622638702393
atfajwqeit.mp4,0.9223126173019409
atfocoqgmu.mp4,0.9234709143638611
atfsetbxac.mp4,0.9352577328681946
atfuphvjft.mp4,0.8272433876991272
atgawbaspu.mp4,0.8946751952171326
atgfhmgkjo.mp4,0.9513777494430542
atglxemkyw.mp4,0.9248553514480591
athaasdqvu.mp4,0.9281113147735596
athhvgvtxe.mp4,0.9661718010902405
athlwavnyb.mp4,0.9239179491996765
athwwvrhcv.mp4,0.84441077709198
atigpbfytt.mp4,0.9180675745010376
atixaudngu.mp4,0.16771483421325684
atjrilmghp.mp4,0.915055513381958
atksribkip.mp4,0.9550777077674866
atkvnzjywz.mp4,0.7142549157142639
atlgptyibs.mp4,0.06691014766693115
atlinzpgiq.mp4,0.9728043079376221
atmalptsdf.mp4,0.7927247881889343
atmjyaldyf.mp4,0.9098981618881226
atmqdcgwaj.mp4,0.31093630194664
atndkfaexa.mp4,0.3304617702960968
atoeqixpui.mp4,0.6948111057281494
atoguadykn.mp4,0.9767129421234131
atorvfmqtw.mp4,0.8983367681503296
atpavsukgc.mp4,0.7384437918663025
atptcqosxk.mp4,0.8924808502197266
atqiwttwse.mp4,0.8449745178222656
atqtjhcjok.mp4,0.30220088362693787
atrcstuvme.mp4,0.5643418431282043
atrelvkevy.mp4,0.16119390726089478
atrfdylqcc.mp4,0.8392771482467651
atrssikhoy.mp4,0.06873377412557602
atsoxhthal.mp4,0.8769679069519043
atsqpfujai.mp4,0.9678072929382324
atsxbvdqfb.mp4,0.12766313552856445
attmnksdst.mp4,0.9510847330093384
atuelqlopo.mp4,0.8853562474250793
atuevnkgvs.mp4,0.6877167820930481
atuydgvxda.mp4,0.900949239730835
atuzsraaul.mp4,0.07223184406757355
atvkhsmnpt.mp4,0.8742929697036743
atwjgmhfzb.mp4,0.9472618699073792
atwmgvaauf.mp4,0.8811187744140625
atwvfkjmzj.mp4,0.7988907098770142
atwxhnhtjr.mp4,0.9448751211166382
atxaywwsys.mp4,0.40738922357559204
atxnomscvq.mp4,0.584679365158081
atxtpvdiqh.mp4,0.8483498692512512
atxxrvpedy.mp4,0.8588557839393616
atydjyhqsv.mp4,0.38018879294395447
atyinggtpp.mp4,0.9132182002067566
atymuugcbc.mp4,0.7639948129653931
atyslhetzg.mp4,0.91396564245224
atywhotyfi.mp4,0.7322026491165161
atzdorfpoo.mp4,0.05389317125082016
atzsmxhbyd.mp4,0.9549112319946289
atzvxcgfmy.mp4,0.8839359879493713
auabdnhegy.mp4,0.9216462969779968
auaqihmsmu.mp4,0.3763391971588135
auaudezume.mp4,0.5858410596847534
aucfkadwgs.mp4,0.8465434312820435
aucmvckzax.mp4,0.2999480664730072
aucunewmkp.mp4,0.9461164474487305
audooqjxxn.mp4,0.0418221615254879
aufnlnndwk.mp4,0.9549983739852905
aufudlkirv.mp4,0.9487796425819397
aufuqdncad.mp4,0.36950695514678955
auhelqsolf.mp4,0.5625964403152466
auhhhfprkw.mp4,0.8315480947494507
auhrezixau.mp4,0.8707414269447327
auilwijuvo.mp4,0.4171164631843567
aujnmzqaae.mp4,0.7184609770774841
aujoxrpddn.mp4,0.06228329613804817
aujrpwwjtq.mp4,0.8967779874801636
aukfaxetvr.mp4,0.9491132497787476
aukznkpjqe.mp4,0.9782167077064514
aulmrfdiyo.mp4,0.9151108264923096
aultpoxkdl.mp4,0.9247661828994751
aulykluogb.mp4,0.9473262429237366
aumcclscze.mp4,0.856277346611023
aumgbezciw.mp4,0.9447638988494873
aumhehkisj.mp4,0.9473790526390076
aumsysgpsf.mp4,0.1601410210132599
aunbxjislr.mp4,0.9098519086837769
aunokqsmrt.mp4,0.07613453269004822
aunsxsgprx.mp4,0.08962897956371307
auoojxnyap.mp4,0.9152974486351013
aupsxowdcp.mp4,0.7087066173553467
aupunxljjw.mp4,0.235878124833107
auqgxmpfls.mp4,0.9686547517776489
auqlledwxt.mp4,0.06768391281366348
auticcvqlx.mp4,0.9192895293235779
auttzzzosj.mp4,0.5621659755706787
autwdwydhy.mp4,0.9323364496231079
auunxrgrox.mp4,0.9179478883743286
auviwvqttx.mp4,0.8919585943222046
auwljofebi.mp4,0.10829383879899979
auwxgkkipp.mp4,0.9287163019180298
auxnjvttgs.mp4,0.917138934135437
auxtpaboto.mp4,0.864371657371521
auykxzlgzj.mp4,0.8968983888626099
auyrrevsns.mp4,0.8693009614944458
auysreeedq.mp4,0.9809713959693909
auyyexggvm.mp4,0.8594400882720947
avabskjphz.mp4,0.8412261605262756
avaideasjj.mp4,0.6308116316795349
avcftqodfe.mp4,0.32514140009880066
avcyoqrqbg.mp4,0.8721094727516174
avczvisstl.mp4,0.773747980594635
avdvtlhcot.mp4,0.10317733138799667
avebrhzvyp.mp4,0.854889988899231
avfoukjslp.mp4,0.9880833625793457
avfvsddibv.mp4,0.6923009157180786
avfxgetfyn.mp4,0.7902167439460754
avgerywsmv.mp4,0.9021683931350708
avgrquoicj.mp4,0.951069176197052
avhdquzuwf.mp4,0.07753438502550125
avhldaimyf.mp4,0.9425824284553528
avjauiqsjy.mp4,0.7385218739509583
avjisfzhex.mp4,0.9449796676635742
avjsnsinzy.mp4,0.8310109376907349
avkelzfynk.mp4,0.9415560960769653
avkoyhjdcy.mp4,0.7582084536552429
avktbnnfct.mp4,0.6481591463088989
avlbihahvk.mp4,0.976841151714325
avliofdydx.mp4,0.8325148820877075
avlmfkyfzg.mp4,0.9055286645889282
avmemmaaor.mp4,0.4243758022785187
avmgyrjqzy.mp4,0.9330949187278748
avmrqfwizg.mp4,0.8674834370613098
avmtuoxxer.mp4,0.8696712851524353
avnxwfdjca.mp4,0.8303248286247253
avotaeqmvc.mp4,0.9215846061706543
avowqomohu.mp4,0.9414659738540649
avozobkkmm.mp4,0.941024124622345
avpuwxsjxc.mp4,0.07693358510732651
avpxiwwfwa.mp4,0.7594397068023682
avqxrnfzpd.mp4,0.7109605669975281
avqznmlvzs.mp4,0.7061984539031982
avrjnwyavl.mp4,0.9646084904670715
avrtgzyqjl.mp4,0.3270588517189026
avrwxtyoqg.mp4,0.946664035320282
avseaqfbeq.mp4,0.8519068956375122
avtdwylihb.mp4,0.8727141618728638
avteqdmbob.mp4,0.3336663544178009
avtsotbmxb.mp4,0.4744440019130707
avttogwbyz.mp4,0.16334767639636993
avubtwxvrc.mp4,0.9425365924835205
avujziraao.mp4,0.9066585898399353
avwabkfjnx.mp4,0.975212574005127
avwddhpjxw.mp4,0.6540377140045166
avwezsgvml.mp4,0.8129289746284485
avwyvjwuqf.mp4,0.7696972489356995
avxkxnaxfa.mp4,0.6985459327697754
avyxflippj.mp4,0.8598076701164246
awbjetawnf.mp4,0.9388924837112427
awcftwahcl.mp4,0.4616796672344208
awdrgjsmdm.mp4,0.9746251702308655
awelafarav.mp4,0.5141129493713379
aweoiozyrk.mp4,0.907776951789856
awfghdfcmz.mp4,0.8622652292251587
awfhtuiccr.mp4,0.9604451656341553
awfkuosrud.mp4,0.9195430874824524
awgdlcpsot.mp4,0.8944419026374817
awglcxxkdp.mp4,0.8580729961395264
awifeyjgpb.mp4,0.9014440178871155
awiusprppe.mp4,0.7657239437103271
awjtdulzbz.mp4,0.9128613471984863
awkkwnyswq.mp4,0.25153571367263794
awkothxqwq.mp4,0.9038873910903931
awkxwqfint.mp4,0.9858251214027405
awmvrsdttc.mp4,0.9738520383834839
awmydrvoez.mp4,0.8456132411956787
awpnjkemhd.mp4,0.9271702766418457
awrnfjkwxr.mp4,0.9156263470649719
awrvggbava.mp4,0.9629783630371094
awsceniain.mp4,0.12177406251430511
awsjaessrp.mp4,0.9427875876426697
awstgmezgy.mp4,0.9725781679153442
awtnxljuij.mp4,0.8962370753288269
awtuzutzcg.mp4,0.977476954460144
awuwcwcmry.mp4,0.872555673122406
awvnopdojm.mp4,0.18942706286907196
awvpnrmvuf.mp4,0.9465591311454773
awwdrhjncq.mp4,0.9249176383018494
awwexvkmil.mp4,0.05722375214099884
awwlbkyice.mp4,0.9173787236213684
awxbgxeldd.mp4,0.6980637311935425
awxzireppb.mp4,0.9484593868255615
awyccgauib.mp4,0.9175689220428467
awypqsjdfg.mp4,0.9530017971992493
awzgjaqzyu.mp4,0.9305804371833801
awzjpnfkwz.mp4,0.33645644783973694
awzxxaxccz.mp4,0.9336628913879395
axakrhimzr.mp4,0.9843400120735168
axatawveci.mp4,0.971386194229126
axbahffclw.mp4,0.9621996879577637
axbnxjivlr.mp4,0.8817843794822693
axbondvizf.mp4,0.12655654549598694
axbpgirutr.mp4,0.08671066910028458
axbwohvwap.mp4,0.6351945996284485
axcjfghdur.mp4,0.27264806628227234
axclxmvyxx.mp4,0.9611423015594482
axcyprvxsm.mp4,0.41479000449180603
axdepsfowg.mp4,0.0975014865398407
axdfevfyte.mp4,0.918475329875946
axdtpoftlh.mp4,0.9689850211143494
axfjqgpksd.mp4,0.919181764125824
axfquovbya.mp4,0.048892706632614136
axfqvtdpqn.mp4,0.7524049878120422
axfwtbbwyu.mp4,0.8290113806724548
axfzvnwvmk.mp4,0.6929917335510254
axihbxiqnf.mp4,0.9763110280036926
axizacykmi.mp4,0.8860864639282227
axjkknsbsd.mp4,0.6436529159545898
axkbdkcony.mp4,0.5122109055519104
axkuywcuzt.mp4,0.9467407464981079
axlsscylar.mp4,0.14821189641952515
axmhmxlked.mp4,0.9450405240058899
axmwuiabtk.mp4,0.7376274466514587
axnpuuknzw.mp4,0.05472154915332794
axnztobmfv.mp4,0.04976240545511246
axodysvnia.mp4,0.9035670757293701
axoohecyzz.mp4,0.8686321377754211
axopbbxwzr.mp4,0.9282439947128296
axpanprprj.mp4,0.9028554558753967
axppnromyo.mp4,0.8964418172836304
axpwfeomqt.mp4,0.9571948051452637
axqsgizzhg.mp4,0.9018021821975708
axriuvwgcm.mp4,0.860039472579956
axsgyeohxb.mp4,0.9518696665763855
axtfaxnnir.mp4,0.9092425107955933
axttznnysz.mp4,0.9301913976669312
axudxwpjpq.mp4,0.1146652027964592
axutpjywuu.mp4,0.1874082237482071
axvvrrujab.mp4,0.10705588757991791
axwvfkdsaq.mp4,0.9491878747940063
axxldpmbat.mp4,0.9136970043182373
axxojjcuzi.mp4,0.8868074417114258
axxvqwvryi.mp4,0.7793750166893005
axxxmqnvlo.mp4,0.875142514705658
axybfzwjou.mp4,0.9158137440681458
axyorvscnv.mp4,0.8765358328819275
axyzunnpvp.mp4,0.9376563429832458
axzxmjrvvi.mp4,0.5513389110565186
ayaklbufdz.mp4,0.9624298214912415
aybgtakzhf.mp4,0.9713704586029053
aybhjzvgsz.mp4,0.9424367547035217
aybozriclz.mp4,0.9388666749000549
aybqoonlol.mp4,0.9158434867858887
aybtugbqxp.mp4,0.905949592590332
aybxejnqxn.mp4,0.8244776129722595
aycgmkmvue.mp4,0.902778148651123
ayclhmjajg.mp4,0.91343754529953
aycrceahnh.mp4,0.9253217577934265
aycutytbxb.mp4,0.6018809080123901
aydxjkfuhk.mp4,0.924786388874054
ayehybcbfv.mp4,0.5779281854629517
ayeuasvmue.mp4,0.9330727458000183
ayfahboitj.mp4,0.8757081031799316
ayfauyvasg.mp4,0.9199461340904236
ayfsfcgwva.mp4,0.8709138631820679
ayghjyhjpa.mp4,0.9536854028701782
ayhabcqsat.mp4,0.5682330131530762
ayhblsodaz.mp4,0.9625521302223206
ayhhqjvchn.mp4,0.15186700224876404
ayhhyfamhc.mp4,0.8696399331092834
ayhljgasce.mp4,0.9441571235656738
ayijzcgmxu.mp4,0.9712859392166138
ayiqatefmh.mp4,0.9160411357879639
ayiyiznwnr.mp4,0.9041993021965027
ayjiviupgu.mp4,0.8725469708442688
ayjpsdziav.mp4,0.17942193150520325
aykytsanpx.mp4,0.932986855506897
ayldgxapih.mp4,0.9893643260002136
ayleocznjp.mp4,0.8069642186164856
aynvjgamgi.mp4,0.8152680397033691
ayodjtwutr.mp4,0.9684058427810669
ayojccmuqk.mp4,0.7896239161491394
ayoyqfyvxb.mp4,0.14751315116882324
ayozpzxgrg.mp4,0.5938147902488708
aypgpcgzzo.mp4,0.8870998024940491
aypljgeqag.mp4,0.2366795837879181
aypsslvabz.mp4,0.856721818447113
aypwdoupiz.mp4,0.9680147767066956
ayqetwwwjn.mp4,0.8770171999931335
ayququayvl.mp4,0.9376536011695862
ayregwfkuy.mp4,0.978384792804718
aystoolvlj.mp4,0.6303565502166748
aytalckkea.mp4,0.9128550291061401
aytjdeldie.mp4,0.9348813891410828
aytsnlflqn.mp4,0.7107847332954407
aytxkbrpck.mp4,0.9815969467163086
ayumdlbgzg.mp4,0.8944463729858398
ayuocwmzpm.mp4,0.7846569418907166
ayvcvqamlo.mp4,0.5701470375061035
ayvmlkbabt.mp4,0.1901182234287262
ayvmqddutg.mp4,0.9286544919013977
ayvnhxqifb.mp4,0.11665192246437073
ayvrrldwmy.mp4,0.9544949531555176
ayvydsmdys.mp4,0.7252192497253418
aywteojccm.mp4,0.9316356778144836
aywtqiwded.mp4,0.5927284955978394
ayxpdzgpui.mp4,0.04956664517521858
ayxwzqufmq.mp4,0.5999725461006165
ayyrltarjz.mp4,0.33853206038475037
ayyvovoqpq.mp4,0.2621334195137024
ayywxduatc.mp4,0.9150384664535522
ayyzuoklel.mp4,0.9418532252311707
ayzppalsno.mp4,0.8790086507797241
ayzrnuffie.mp4,0.8584133386611938
azaahiwadu.mp4,0.06118861213326454
azagqawgaz.mp4,0.9089813828468323
azarzgywrq.mp4,0.6002674102783203
azbcbbisho.mp4,0.9523256421089172
azbvekzerb.mp4,0.9084064364433289
azcdexfolm.mp4,0.986574649810791
azcdoycnpg.mp4,0.44067326188087463
azcsqgyuzb.mp4,0.9899234175682068
azcvdctoii.mp4,0.06920506060123444
azdgvgbgdv.mp4,0.5077646970748901
azdnpcxhcx.mp4,0.3352009654045105
azdqpyvtjf.mp4,0.09488224238157272
azducmbckk.mp4,0.4805716872215271
azdwparxng.mp4,0.9241235256195068
azexbcjrxd.mp4,0.9442221522331238
azgkuomhkg.mp4,0.5409275889396667
azgnidjfzl.mp4,0.6798837184906006
azgrvcvhzf.mp4,0.9396990537643433
azgvkbgvjm.mp4,0.9883142113685608
azhbacpvhg.mp4,0.10450973361730576
azhextpsam.mp4,0.9468286633491516
azhgwqmtmy.mp4,0.15730659663677216
azhhoprzju.mp4,0.8745092749595642
azivxiykdi.mp4,0.943362832069397
azjpqungtq.mp4,0.6849897503852844
azkdupbivt.mp4,0.5663689374923706
azkhkminwu.mp4,0.782642662525177
azkjdigcrp.mp4,0.7715128064155579
azmbudlmve.mp4,0.6295825242996216
azmheosoed.mp4,0.3588598966598511
azmirctgyh.mp4,0.9723827838897705
aznqgghqge.mp4,0.8743973970413208
aznsswvnxo.mp4,0.16431833803653717
azobkfldrm.mp4,0.7946851849555969
azozbmaple.mp4,0.8973825573921204
azpamhpoyy.mp4,0.6919190883636475
azpgkhnbfq.mp4,0.6987351179122925
azppkqhqpi.mp4,0.8991106152534485
azpsfbwwce.mp4,0.6158648133277893
azqmtcjxbk.mp4,0.9100922346115112
azrbqpomdw.mp4,0.8088975548744202
azrdwmzpqb.mp4,0.8760808110237122
azrltfcgki.mp4,0.9888214468955994
azropyxcjl.mp4,0.7968044877052307
azrovzeecz.mp4,0.08425534516572952
azseubmxrc.mp4,0.9607740044593811
azsizuhdse.mp4,0.32760146260261536
azsongfrbo.mp4,0.9841684103012085
azstxtuuqs.mp4,0.9037647247314453
aztadaceye.mp4,0.9012393355369568
aztfzimxkr.mp4,0.8911049962043762
azulfosmdg.mp4,0.7593683004379272
azuqfvasfq.mp4,0.9651051759719849
azvnmgesce.mp4,0.8047958612442017
azwqdbfqrd.mp4,0.08022213727235794
azwsqmaxmf.mp4,0.9328839182853699
azwusfxjmb.mp4,0.9147166013717651
azwwrvjyyp.mp4,0.9780982136726379
azwxpyysde.mp4,0.35922011733055115
azxheumhku.mp4,0.7271866202354431
azxmphhunl.mp4,0.5564923286437988
azxxenkicg.mp4,0.5673141479492188
azxzqxskzm.mp4,0.2313016653060913
azydlgxdym.mp4,0.8522123694419861
azylwizjmc.mp4,0.9208373427391052
azyqrdeoew.mp4,0.15659357607364655
azzgrltpvu.mp4,0.8828920722007751
azzhropiql.mp4,0.9152211546897888
azzpwoedpk.mp4,0.9187682867050171
azzxjriydb.mp4,0.6512322425842285
baajwwebva.mp4,0.9208069443702698
baarzfneac.mp4,0.9527314305305481
bacndmsxqj.mp4,0.9416956305503845
bacrfnbhvo.mp4,0.9847955703735352
bactcvwhqk.mp4,0.8324794769287109
baeoscgqoe.mp4,0.8619771003723145
bafievwatz.mp4,0.9435244202613831
bagkrkxqcp.mp4,0.09700147062540054
baheacsakw.mp4,0.865839958190918
bahgibkjek.mp4,0.9260430335998535
baiefifser.mp4,0.9117876887321472
baixgpvwme.mp4,0.9369853734970093
bajfrpmupx.mp4,0.6548675894737244
bajmqwxtxp.mp4,0.8926351070404053
baktdytfjl.mp4,0.9505128860473633
balgcurscn.mp4,0.9264011979103088
balwrahloa.mp4,0.9051373600959778
balxxkjlti.mp4,0.9283004403114319
bamgpgbjtg.mp4,0.9163666367530823
banbcqfqmw.mp4,0.8219794034957886
banjrnjzhb.mp4,0.9193821549415588
banvwdrhmc.mp4,0.30953699350357056
baolpdzfsz.mp4,0.9819414615631104
baosvoxjxg.mp4,0.9131689071655273
baoszfmdlj.mp4,0.8360604047775269
baphsbkpbz.mp4,0.060234565287828445
baqeedculf.mp4,0.9153348803520203
baqledjaon.mp4,0.9483040571212769
barbcborgl.mp4,0.10075593739748001
barmlxxrpt.mp4,0.14813590049743652
batgqxfifq.mp4,0.8331925272941589
baummvrmhl.mp4,0.9542223215103149
bavhucvtaq.mp4,0.9036018252372742
bawhghlfoi.mp4,0.9846720099449158
baxdvqglnu.mp4,0.18271489441394806
baxpshhrhc.mp4,0.22141404449939728
bayuahaydv.mp4,0.9640001058578491
bazehalfin.mp4,0.8801426291465759
bazuuilpib.mp4,0.6912002563476562
bazxcobmhk.mp4,0.8189372420310974
bbagpnnxnv.mp4,0.7933374643325806
bbbyrusiwe.mp4,0.9617165327072144
bbcibscbkq.mp4,0.9345824122428894
bbcjkyhhuy.mp4,0.335462361574173
bbdeidcmgb.mp4,0.9211517572402954
bbdzssjeen.mp4,0.9638386964797974
bbenehhaze.mp4,0.8804968595504761
bbeouqcdzs.mp4,0.8246152997016907
bbeyhbquql.mp4,0.9511200785636902
bbeywofslk.mp4,0.9355573654174805
bbfbvvnaak.mp4,0.800116777420044
bbfflhbtsd.mp4,0.8790028691291809
bbfpygrvoa.mp4,0.9393308162689209
bbfwlhanjw.mp4,0.2761467695236206
bbfzunyiaj.mp4,0.8514429926872253
bbgkukkicj.mp4,0.8971555233001709
bbgtrsseht.mp4,0.8536667227745056
bbhjnxbdco.mp4,0.929537296295166
bbhlolixfd.mp4,0.32274702191352844
bbhrzugxmn.mp4,0.8992508053779602
bbivjcyvcv.mp4,0.9600203037261963
bbjqbowaaq.mp4,0.9632676839828491
bbjtivfdzq.mp4,0.958811342716217
bbjtxcqkns.mp4,0.6846746802330017
bbkpsxyjvs.mp4,0.4416160583496094
bblditzyqm.mp4,0.8962485790252686
bbltbwkpzh.mp4,0.46891695261001587
bbmxeiukxe.mp4,0.47636663913726807
bbnpuynemf.mp4,0.6712333559989929
bbnusepqeh.mp4,0.11590998619794846
bbomhhqbhk.mp4,0.9298807382583618
bbpjgsfveo.mp4,0.9422271847724915
bbuyagtrip.mp4,0.9354076385498047
bbvouhpoys.mp4,0.8180858492851257
bbvycfumal.mp4,0.9513092041015625
bbwffycqmr.mp4,0.9692249894142151
bbwndtahps.mp4,0.8865771889686584
bbxuciztza.mp4,0.9107078909873962
bbyapzzbbp.mp4,0.5768004059791565
bbyheffqbo.mp4,0.10113029181957245
bbynajqcsf.mp4,0.906548261642456
bbyzlvgllp.mp4,0.862220048904419
bbzdjgrlvl.mp4,0.9497917890548706
bcakmcwgit.mp4,0.8426598906517029
bcaswgbknh.mp4,0.050286319106817245
bcawixfkln.mp4,0.9209166765213013
bcawximqto.mp4,0.7026162147521973
bcaxndbaki.mp4,0.3077646493911743
bcbaodgold.mp4,0.05848683416843414
bcbrtcqtpt.mp4,0.067021943628788
bccaioaudk.mp4,0.9057039022445679
bcemixwldi.mp4,0.9132864475250244
bcenttyeoc.mp4,0.9501855373382568
bcgcdkjivz.mp4,0.8815363049507141
bcgievnwef.mp4,0.979221761226654
bcgjlsupne.mp4,0.06066817790269852
bcgjugkehl.mp4,0.6990891695022583
bcgzfrxbbz.mp4,0.11237942427396774
bchidnmojc.mp4,0.77321457862854
bcihtlgaqa.mp4,0.9431745409965515
bcijqbastj.mp4,0.6158396601676941
bcixruopcf.mp4,0.9313238859176636
bckjlnaiun.mp4,0.9286807179450989
bckorfknun.mp4,0.8941807150840759
bcktnbnnyv.mp4,0.9595729112625122
bclifiizok.mp4,0.9380149841308594
bclnjhoqol.mp4,0.9162256717681885
bclypwksbx.mp4,0.929597020149231
bcoorvngcn.mp4,0.9551678895950317
bcownucjtw.mp4,0.9222741723060608
bcoydxioxf.mp4,0.21601422131061554
bcpythngcj.mp4,0.7687248587608337
bcqqfmthwk.mp4,0.8319617509841919
bcrajtjljy.mp4,0.8988630175590515
bcrcdkrgiv.mp4,0.9383783936500549
bcsvkbjzwk.mp4,0.9463158249855042
bcsyzakipb.mp4,0.9135013222694397
bctwtzhnje.mp4,0.6916268467903137
bcudplyevq.mp4,0.9676538109779358
bculuffwko.mp4,0.7643465399742126
bcvcyvgowt.mp4,0.9429501295089722
bcvezeyggp.mp4,0.9263257384300232
bcvfczypjo.mp4,0.05438202992081642
bcwhokjvfn.mp4,0.30765047669410706
bcwpmauyhg.mp4,0.10428187996149063
bcwtjzsutw.mp4,0.7456750273704529
bcxojybwjj.mp4,0.8323516845703125
bcycmmnpnf.mp4,0.96641606092453
bczguerkpm.mp4,0.9125164747238159
bdaehxfzbk.mp4,0.24007505178451538
bdahtcivcd.mp4,0.9428070187568665
bdamapnuof.mp4,0.9105992913246155
bdazqodumh.mp4,0.8688329458236694
bdbfpoumql.mp4,0.5524663329124451
bdbofdzikv.mp4,0.8970109820365906
bdbryopkaa.mp4,0.8829815983772278
bdcbrzfphv.mp4,0.7620546221733093
bdchfgyrzo.mp4,0.9791659712791443
bdcvtxwdob.mp4,0.17336824536323547
bdddojeyaz.mp4,0.8533657789230347
bdeniywtnn.mp4,0.3071938753128052
bdftdpohva.mp4,0.9424929022789001
bdgmavlwan.mp4,0.969287097454071
bdhcxanaqy.mp4,0.9800527095794678
bdhnxeeitg.mp4,0.9062701463699341
bdinoddvte.mp4,0.954121470451355
bdiointpxx.mp4,0.9668922424316406
bdiswjfefc.mp4,0.9555893540382385
bdivrfxtqv.mp4,0.926243245601654
bdjxzbtadn.mp4,0.9182049632072449
bdkazhizye.mp4,0.6854801177978516
bdkgwjldke.mp4,0.879332423210144
bdkjxdndjn.mp4,0.8668529391288757
bdmcnjipbq.mp4,0.43632957339286804
bdmhjkrxoj.mp4,0.45940566062927246
bdmjcelmcs.mp4,0.8883280158042908
bdmvjkonon.mp4,0.9663456678390503
bdnesbbphy.mp4,0.10250484198331833
bdocvgclcs.mp4,0.846389889717102
bdoribeoya.mp4,0.7905426621437073
bdpmicugbp.mp4,0.9206923842430115
bdqdarvhiv.mp4,0.12870746850967407
bdqgzjoamp.mp4,0.4151673913002014
bdqjtvrizk.mp4,0.8144417405128479
bdqvamryhc.mp4,0.9152440428733826
bdsopgtlmq.mp4,0.9434437155723572
bdstpdunks.mp4,0.9595131278038025
bdsxxaamze.mp4,0.8849763870239258
bdsyzwsrzw.mp4,0.8977369666099548
bdtdtlhyha.mp4,0.9104436635971069
bdtnxarnwm.mp4,0.4587802290916443
bdtybsixoz.mp4,0.844862699508667
bdvuqjupnd.mp4,0.8651474118232727
bdweezvxfc.mp4,0.5711023807525635
bdwpyrudti.mp4,0.050607942044734955
bdxlkzmnyt.mp4,0.5800118446350098
bdxludmnux.mp4,0.5362036228179932
bdyghmwvxu.mp4,0.7200913429260254
bdynuzrqbt.mp4,0.9313088059425354
bdyuwvpelk.mp4,0.5787847638130188
bdztumelho.mp4,0.9004356861114502
bdzytcvbdt.mp4,0.8283239603042603
bebfstfcgp.mp4,0.5560054779052734
bebmjrpvos.mp4,0.8109962940216064
becfjonwfu.mp4,0.9878818392753601
becjjdnvpn.mp4,0.8836435079574585
becqadbtkb.mp4,0.9072064161300659
beebrqboob.mp4,0.9593842625617981
beebxwvqli.mp4,0.8997386693954468
beefhzclcw.mp4,0.8624188899993896
begozxasac.mp4,0.9360421299934387
behdsfoxnk.mp4,0.32523858547210693
behhgrhkmc.mp4,0.9725496172904968
behlbelncd.mp4,0.912952184677124
bejblmnabd.mp4,0.06546591222286224
bekilotbxu.mp4,0.41102394461631775
bekmufolps.mp4,0.8967276215553284
bekvvpeolr.mp4,0.8780521154403687
belewgtmbs.mp4,0.06321868300437927
belwinawhy.mp4,0.8872658014297485
bemqbwgxxs.mp4,0.03731660544872284
bemzjclvgu.mp4,0.76802659034729
benkzrmryl.mp4,0.8956853151321411
benlmmdcnf.mp4,0.8803343176841736
benzxvtapn.mp4,0.9408582448959351
beonlzcydr.mp4,0.940954327583313
berbcixvjc.mp4,0.9170272350311279
beridjgqtm.mp4,0.9073099493980408
betdiwiwql.mp4,0.17660026252269745
bethubglgn.mp4,0.14594200253486633
betuzngwpt.mp4,0.641569197177887
betzeachui.mp4,0.7932314276695251
beutkgdtcb.mp4,0.9312205910682678
bevjclbhuo.mp4,0.06325821578502655
bevrsulvkt.mp4,0.9804728627204895
bewdlknhhi.mp4,0.3239418566226959
bewwwxnzbk.mp4,0.8362864255905151
bexxqeohiv.mp4,0.9281198978424072
bexzlindzv.mp4,0.928250253200531
beyhcwgavh.mp4,0.9633660912513733
beysxgrqkk.mp4,0.8085315227508545
beyxpliwsy.mp4,0.4257352650165558
bezxyrovyz.mp4,0.8911506533622742
bfawveelwz.mp4,0.8624795079231262
bfcdbaevbj.mp4,0.8799743056297302
bfcejaynie.mp4,0.07706733047962189
bfcmxcvwps.mp4,0.9091683030128479
bfcptqxlvw.mp4,0.916487455368042
bfcvdqwvwb.mp4,0.9786177277565002
bfdbybhxvr.mp4,0.8155290484428406
bfdgzjrnck.mp4,0.9141023755073547
bfdnlyosad.mp4,0.23349948227405548
bfdxhnfacf.mp4,0.38740479946136475
bfecraawwz.mp4,0.5593484044075012
bfevvflqsy.mp4,0.944308340549469
bfeycvkedq.mp4,0.9110057950019836
bffeslonih.mp4,0.9726673364639282
bffjkyuqvb.mp4,0.4906848967075348
bffrdavndf.mp4,0.7207320928573608
bffrotkdcu.mp4,0.7874296307563782
bfgfvcofvn.mp4,0.9457120895385742
bfgrxafoef.mp4,0.9364723563194275
bfgsibgras.mp4,0.6453856825828552
bfgykgohpy.mp4,0.9180279970169067
bfgzqxwhti.mp4,0.9377425909042358
bfhkzqdwbx.mp4,0.9232704639434814
bfhtddaoqy.mp4,0.31362178921699524
bfiztrjizr.mp4,0.03209130838513374
bfjajtyjzt.mp4,0.8589894771575928
bfjeavwnoi.mp4,0.1477600634098053
bfjzxatdrc.mp4,0.9439186453819275
bfkfrtmiub.mp4,0.5994713306427002
bfkzrgovsv.mp4,0.09534521400928497
bflhvfizhu.mp4,0.3628535866737366
bfljjbavig.mp4,0.8989986777305603
bfllocpabl.mp4,0.6435414552688599
bflrnxrmfb.mp4,0.8257057070732117
bfluunemxz.mp4,0.09834316372871399
bfmoopvnho.mp4,0.6922532916069031
bfnockrztt.mp4,0.49098488688468933
bfoaqbobup.mp4,0.9162812829017639
bfofpyvvnt.mp4,0.07205496728420258
bfoktrnuxj.mp4,0.9439892172813416
bfoozhcgse.mp4,0.9895946383476257
bfqlqydtam.mp4,0.06942180544137955
bfqumzcsvu.mp4,0.9181148409843445
bfqyovgynr.mp4,0.9037019610404968
bfrbtmnllp.mp4,0.2784344553947449
bfsnakisid.mp4,0.880301833152771
bfukrxvndm.mp4,0.2657211720943451
bfupvodqkz.mp4,0.06658550351858139
bfutthnppf.mp4,0.9223763346672058
bfwgingqsv.mp4,0.9582743048667908
bfwwrlwopy.mp4,0.8507422208786011
bfyhfmdztn.mp4,0.8247597813606262
bfzkkcltvf.mp4,0.8609597682952881
bfzvzyidrj.mp4,0.8033435940742493
bgaafmocsn.mp4,0.6532318592071533
bgbkbvdjnd.mp4,0.9562244415283203
bgbkogrfys.mp4,0.27598893642425537
bgbuqmmaqe.mp4,0.9459168314933777
bgcectalof.mp4,0.9183007478713989
bgcfsiswtj.mp4,0.9500717520713806
bgdehyzokn.mp4,0.8286024928092957
bgexonjbpn.mp4,0.9873843193054199
bghcevlhjf.mp4,0.9006363749504089
bghmhuxxyr.mp4,0.6909253001213074
bghpxawcnb.mp4,0.8895488977432251
bgicufggmb.mp4,0.5605960488319397
bgihlcqcik.mp4,0.8658013939857483
bgilmjxago.mp4,0.8675616383552551
bgiukncdoc.mp4,0.8213680386543274
bgjuqdjnss.mp4,0.6764870882034302
bgjyidaspl.mp4,0.8385688066482544
bgkjyalpix.mp4,0.24452465772628784
bgkmfxsqxd.mp4,0.916141152381897
bgkspwrqlr.mp4,0.9578322172164917
bglklkiayu.mp4,0.7860408425331116
bglqkukirr.mp4,0.7412046790122986
bgnxqmdjxq.mp4,0.917982280254364
bgoiditweq.mp4,0.8910909295082092
bgpdzlrluk.mp4,0.972997784614563
bgpnirgwsl.mp4,0.9896513223648071
bgpsjixtwm.mp4,0.8421015739440918
bgqhldvsgc.mp4,0.05367580056190491
bgrkttmsxd.mp4,0.9767454862594604
bgrradjndh.mp4,0.9307529926300049
bgslobeeyd.mp4,0.9165215492248535
bgsqoctomw.mp4,0.8594794869422913
bgsrdqcqjx.mp4,0.7970815300941467
bgssriyozb.mp4,0.9079930782318115
bgtiikryvg.mp4,0.9433571696281433
bgtridlkdi.mp4,0.9272547960281372
bgulswwjgs.mp4,0.935868501663208
bguxmfaihe.mp4,0.06722398847341537
bgvknboeyq.mp4,0.9676995873451233
bgvuxeubtf.mp4,0.8801489472389221
bgxdeluogh.mp4,0.09156767278909683
bgxftrukbr.mp4,0.5828034281730652
bgxlldsfmx.mp4,0.6934057474136353
bgxpmpwcyg.mp4,0.3323086202144623
bgxqvmjgbm.mp4,0.926155686378479
bgxxyytpnf.mp4,0.9815192818641663
bgyimohqak.mp4,0.914188802242279
bgyqwxcrsm.mp4,0.927409827709198
bhaaitemak.mp4,0.9231250882148743
bhasetirqb.mp4,0.7726927399635315
bhcbgpnkpd.mp4,0.8899453282356262
bhchlbmzrc.mp4,0.9612661004066467
bhdrdqfehh.mp4,0.7576352953910828
bhfihhudau.mp4,0.9034883975982666
bhfpmvpmyw.mp4,0.8866159319877625
bhieufgnnf.mp4,0.650902271270752
bhjmyjcayb.mp4,0.06038077920675278
bhkfrmjlpv.mp4,0.5633158683776855
bhliuvpgub.mp4,0.9003599882125854
bhmfpkjsbz.mp4,0.9507476687431335
bhpddjewrv.mp4,0.07017295062541962
bhpddnqauc.mp4,0.043760959059000015
bhpiiawcrz.mp4,0.9064298272132874
bhqcqwcise.mp4,0.3985520601272583
bhqiisfkui.mp4,0.6583818793296814
bhqteplzxp.mp4,0.9484019875526428
bhsklnhjrj.mp4,0.6036978960037231
bhuyzxvohl.mp4,0.872381329536438
bhvgnyuybi.mp4,0.9429815411567688
bhwevhjvwx.mp4,0.07882296293973923
bhwlgymgxk.mp4,0.9623928070068359
bhwujfazqy.mp4,0.7972773909568787
bhwwzofqvo.mp4,0.9734955430030823
bhxiufgdxa.mp4,0.9360355734825134
bhybofqflj.mp4,0.9885528087615967
bhykihwhkv.mp4,0.9868238568305969
bhyzjrwkvk.mp4,0.9052317142486572
bhzfcdzqar.mp4,0.9874078631401062
bhzhzvadnn.mp4,0.8424857258796692
bhzosxdmyt.mp4,0.8599319458007812
bhzwgteaic.mp4,0.86360764503479
biactglfwl.mp4,0.8407073616981506
bibjgxjhuv.mp4,0.06810189038515091
biborxaekt.mp4,0.059851329773664474
bibpelmopy.mp4,0.9388236999511719
bicenrlrcf.mp4,0.8887413740158081
bicexletbj.mp4,0.8675196766853333
bidfiduqsr.mp4,0.8991272449493408
bidulzdkec.mp4,0.9198856949806213
biebcflser.mp4,0.9174656271934509
biefjlethf.mp4,0.1436634659767151
bifaizxtsc.mp4,0.060512084513902664
bigwzvlzhb.mp4,0.07361114025115967
biibogyrpt.mp4,0.9744422435760498
bijcbfrxyc.mp4,0.5411146879196167
bijcrevctl.mp4,0.1623382270336151
bijvvsgumf.mp4,0.8861329555511475
bijzpkoaja.mp4,0.9297414422035217
bikehwjuzk.mp4,0.8481536507606506
bikrimaoum.mp4,0.11342582106590271
bikymqckfq.mp4,0.795400857925415
bilsagmnhr.mp4,0.8974983096122742
bimbdboxdb.mp4,0.8980094194412231
binbaztlye.mp4,0.9686664938926697
binrkjcwxe.mp4,0.7554525136947632
binymyngeo.mp4,0.2678891122341156
bipkwdckrk.mp4,0.22407405078411102
biqgaxvjyy.mp4,0.8785400986671448
biqvdjgtrv.mp4,0.9238791465759277
bitticunoc.mp4,0.9264726638793945
bivfenlysj.mp4,0.8950061202049255
bivgdpypxh.mp4,0.17493577301502228
bivvdqhxdn.mp4,0.9091130495071411
bivyxqxxpd.mp4,0.8147122263908386
bivzhsmrqo.mp4,0.15280577540397644
biwccgiiju.mp4,0.9102041125297546
biwcfxtdhv.mp4,0.9066773056983948
bixdmyhkzw.mp4,0.471291184425354
bixiepitjl.mp4,0.447527140378952
bixqxnpkhk.mp4,0.9642788171768188
bizbjxafzr.mp4,0.8895004391670227
bizohehlgw.mp4,0.07300293445587158
bjacjzisbq.mp4,0.8880231380462646
bjapnbgbyf.mp4,0.7851219773292542
bjbmxdthaa.mp4,0.9023169875144958
bjcefkabza.mp4,0.7616872191429138
bjdnvdiorc.mp4,0.9540221691131592
bjeefxivfz.mp4,0.8517654538154602
bjeocyuknw.mp4,0.8985008001327515
bjfbzhlzyk.mp4,0.9153375625610352
bjgobiieru.mp4,0.912482738494873
bjgqvuvzlc.mp4,0.8524935841560364
bjhftvzdoz.mp4,0.11181604862213135
bjhglfghge.mp4,0.7369601726531982
bjhieizrjq.mp4,0.7828505039215088
bjhxjfenwo.mp4,0.1841915398836136
bjifxxuftr.mp4,0.9288148283958435
bjizwsyhld.mp4,0.1163427010178566
bjjaloefag.mp4,0.050699785351753235
bjjczrcrlh.mp4,0.6985674500465393
bjjoujprzo.mp4,0.8071073293685913
bjllfiganv.mp4,0.9233986735343933
bjlmreemtq.mp4,0.8356193900108337
bjlutfvxxi.mp4,0.8090614676475525
bjlwgiuuxv.mp4,0.172666534781456
bjmaxtqiwq.mp4,0.6384022831916809
bjmhknfumi.mp4,0.7930018901824951
bjmveqttsq.mp4,0.8438592553138733
bjnabumhcn.mp4,0.9665272235870361
bjnjsiypnv.mp4,0.7788673639297485
bjnleiepgs.mp4,0.884181797504425
bjodrjkfxc.mp4,0.9502025246620178
bjorqgprft.mp4,0.8283640146255493
bjpimfdtds.mp4,0.1464824080467224
bjqmdsvxxa.mp4,0.7873762845993042
bjszzfmchp.mp4,0.05504458770155907
bjtgipnmzu.mp4,0.868858814239502
bjtwbltzbs.mp4,0.9444961547851562
bjuwpszfiu.mp4,0.8823569416999817
bjvmyyhuza.mp4,0.8812485933303833
bjwctylvmy.mp4,0.9128420948982239
bjwlkdnbgw.mp4,0.9252124428749084
bjwuuedtla.mp4,0.054194603115320206
bjxghgoctz.mp4,0.633367121219635
bjxzcaifpw.mp4,0.9580028653144836
bjyfwqezqa.mp4,0.9212606549263
bjymnnukqs.mp4,0.32906612753868103
bjytxyelfw.mp4,0.8860657811164856
bjzboctmut.mp4,0.7961891293525696
bjzdxvsuvu.mp4,0.12480970472097397
bkadhwwkwf.mp4,0.10458321124315262
bkadxgxipz.mp4,0.8109729886054993
bkahsatkrs.mp4,0.2771676480770111
bkalogzjos.mp4,0.9146919250488281
bkamlqslms.mp4,0.10976998507976532
bkbflitext.mp4,0.06132658198475838
bkbokyebco.mp4,0.109440378844738
bkbqftidrf.mp4,0.7686318755149841
bkcqlavtab.mp4,0.9273311495780945
bkdtyrkvgb.mp4,0.7502273321151733
bkewppansb.mp4,0.06145491451025009
bkfgexlytc.mp4,0.8587345480918884
bkfiyurjkt.mp4,0.980181872844696
bkfuglkfcd.mp4,0.13339576125144958
bkfvakwdnw.mp4,0.7993080019950867
bkhclbvdis.mp4,0.4779942035675049
bkiogelrvu.mp4,0.9155545234680176
bkitjnimap.mp4,0.8209866881370544
bkivxaxfdv.mp4,0.9329113960266113
bkixloqwgr.mp4,0.6628716588020325
bkizohuxts.mp4,0.9685715436935425
bkjhfcvsig.mp4,0.06439413875341415
bkjxcbphsp.mp4,0.8523762226104736
bkkkindqvf.mp4,0.9138959050178528
bkknadbdyb.mp4,0.19463080167770386
bklltfdtkn.mp4,0.804634153842926
bkmrcuzvek.mp4,0.8631653785705566
bkmyreelcs.mp4,0.8080175518989563
bkmzjbrzhj.mp4,0.9494280219078064
bknczlsdia.mp4,0.38134878873825073
bkoeppigdz.mp4,0.9352671504020691
bkojtypnkn.mp4,0.8796411156654358
bkpolfeixc.mp4,0.9419102668762207
bkpubzzmft.mp4,0.885387659072876
bkqgvkwjcn.mp4,0.4323105216026306
bkqzqgnzmw.mp4,0.9299517869949341
bkrthuclue.mp4,0.8784706592559814
bktcgtnzzh.mp4,0.13872173428535461
bktxvguxuy.mp4,0.8020159602165222
bkuoqwyjor.mp4,0.059718046337366104
bkuxvlsyax.mp4,0.9430094957351685
bkvmpillpt.mp4,0.9791848063468933
bkwedwckhv.mp4,0.9180901646614075
bkwiqcrzca.mp4,0.9263052940368652
bkwpeforul.mp4,0.9608144164085388
bkxqjiqabv.mp4,0.9377206563949585
bkymqahmft.mp4,0.9441933631896973
bkyoodlpvw.mp4,0.8122158646583557
bkytciqsgd.mp4,0.13004444539546967
bkyzinwdfz.mp4,0.9491574168205261
bkzabjxnpm.mp4,0.9329527616500854
bkzbiriopd.mp4,0.8511663675308228
bkzztamepr.mp4,0.9773970246315002
blbghnbwmt.mp4,0.0583173967897892
blbtxevriv.mp4,0.5592566728591919
blcpogyffx.mp4,0.9483858346939087
blcqzztrvu.mp4,0.06330540776252747
bldvboovyj.mp4,0.9667030572891235
blehjybifk.mp4,0.4650134742259979
bleowhekvn.mp4,0.056190162897109985
blepmtsdvs.mp4,0.6344709992408752
blfdfsedii.mp4,0.9141248464584351
blfmarosnw.mp4,0.9548172354698181
blghqsyyfx.mp4,0.9357614517211914
blhfraazak.mp4,0.7719786167144775
blhhutqvsw.mp4,0.9422047138214111
blhxipfcro.mp4,0.8877509832382202
bljafwdkgk.mp4,0.9064480662345886
bljjbfslfx.mp4,0.36832359433174133
bljpdykszf.mp4,0.1542029082775116
blkxyqpgry.mp4,0.9607945680618286
bllzezsiip.mp4,0.28101515769958496
blmuzhjygg.mp4,0.7358702421188354
blnnqgjuck.mp4,0.9143587946891785
blnoubxzwr.mp4,0.5556337833404541
blqgpxokwq.mp4,0.1490902602672577
blqhvxglyz.mp4,0.9152384400367737
blqrkgjsun.mp4,0.9299465417861938
blqwrzztiy.mp4,0.9576693773269653
blryzyqfan.mp4,0.8711313009262085
blsfputbrz.mp4,0.8646958470344543
blszrprdrv.mp4,0.9507805705070496
bltgxotaiv.mp4,0.09268230944871902
bltsfxhpce.mp4,0.699336588382721
bltxzeoijl.mp4,0.3408929705619812
blvgczhxyu.mp4,0.8756670951843262
blvqcbuele.mp4,0.8443720936775208
blyaymhdil.mp4,0.38723522424697876
blybhmrnrd.mp4,0.32386133074760437
blyfmnqkfl.mp4,0.9706693291664124
blynypczbp.mp4,0.9600644111633301
blyzlljblm.mp4,0.9020299315452576
blzespzdkl.mp4,0.8254128098487854
blzmqourro.mp4,0.9294978976249695
blzsfimppr.mp4,0.3677181303501129
bmablqorlk.mp4,0.8568187355995178
bmalihrewa.mp4,0.45284828543663025
bmdiaytrcm.mp4,0.053325116634368896
bmejcmawty.mp4,0.8679265975952148
bmejygajwg.mp4,0.9124523997306824
bmepdrvkyy.mp4,0.9507001042366028
bmfrfuiucc.mp4,0.8041660785675049
bmfuosxwoc.mp4,0.8067839741706848
bmgidxpirq.mp4,0.810419499874115
bmgjjwxmhi.mp4,0.8773928284645081
bmgptqpfdt.mp4,0.48816633224487305
bmgyolkiyj.mp4,0.8787826299667358
bmhcbivwvf.mp4,0.9381734132766724
bmijukkheo.mp4,0.7416062951087952
bmimrgglnb.mp4,0.9101738929748535
bmiryozzvx.mp4,0.16651980578899384
bmixrenyil.mp4,0.9826094508171082
bmkglbhaiz.mp4,0.9744375944137573
bmkimqkzlh.mp4,0.7204052209854126
bmkirvqnkq.mp4,0.9243248701095581
bmkzenlrkm.mp4,0.9439777135848999
bmlkelpjmp.mp4,0.9389359951019287
bmlnzuebwq.mp4,0.8628161549568176
bmmdgzgqyb.mp4,0.9525113701820374
bmmyqhhwnw.mp4,0.33001741766929626
bmnpqrwnex.mp4,0.0888577252626419
bmpgdxzwpt.mp4,0.4945095181465149
bmprytqwwp.mp4,0.18702952563762665
bmpxgjgryj.mp4,0.8894377946853638
bmqjjdkysw.mp4,0.9646875262260437
bmqouoakyf.mp4,0.7694912552833557
bmqxraeqaw.mp4,0.8400657773017883
bmrfnpgter.mp4,0.8230980038642883
bmskphjibo.mp4,0.8607807755470276
bmsxkitovr.mp4,0.8334894776344299
bmsylxxkly.mp4,0.9227898120880127
bmtbxkjkjq.mp4,0.10240278393030167
bmtrpwqkii.mp4,0.18311643600463867
bmuynsdqhz.mp4,0.8989752531051636
bmvsutcqxe.mp4,0.8433998227119446
bmwwownzvl.mp4,0.9807602167129517
bmydqokovk.mp4,0.9468799829483032
bmyjdoslrp.mp4,0.970536470413208
bmzdfyogfw.mp4,0.9396154880523682
bmzkjqilog.mp4,0.5691741704940796
bmzsvaimta.mp4,0.8627936840057373
bmzywathcq.mp4,0.0953826829791069
bmzzkjvqpa.mp4,0.8271313309669495
bnbfkhafjz.mp4,0.9093462824821472
bnbovmdeot.mp4,0.13839736580848694
bnbuqimfbn.mp4,0.1139695942401886
bnbvwywbci.mp4,0.9433109164237976
bnbxarxyqk.mp4,0.9316015243530273
bncxsmfjor.mp4,0.6125149726867676
bndazrmdkj.mp4,0.9303076267242432
bndfldavtx.mp4,0.4399045407772064
bndisdunhz.mp4,0.816836953163147
bndkaaqewo.mp4,0.9835599064826965
bneuvofkbh.mp4,0.4933362901210785
bnfhgczmrn.mp4,0.8336350917816162
bnflosxiea.mp4,0.8802377581596375
bnfofjyvlf.mp4,0.9155588150024414
bnfrdywzvv.mp4,0.894836962223053
bnfrgecebo.mp4,0.9604967832565308
bnfxesdwqu.mp4,0.886391818523407
bngimidubc.mp4,0.16422533988952637
bngpjglyqu.mp4,0.8439664840698242
bngpswdemp.mp4,0.8938515186309814
bnhzgxxodm.mp4,0.8727966547012329
bnimtitnnc.mp4,0.09559739381074905
bnirjkrhpf.mp4,0.8900640606880188
bnivwnbzbx.mp4,0.9675250053405762
bnjdaskseq.mp4,0.9382444024085999
bnjzsmvuot.mp4,0.980494499206543
bnlhnkfkrg.mp4,0.8547877073287964
bnlqzjegan.mp4,0.5644789338111877
bnmtqdhxig.mp4,0.9173750281333923
bnmxzioxft.mp4,0.9294719099998474
bnnbfpcvlr.mp4,0.7461419701576233
bnnbywoosz.mp4,0.058105822652578354
bnoenthkmd.mp4,0.8760013580322266
bnpsclwvrp.mp4,0.9638855457305908
bnrhpswktc.mp4,0.7764101624488831
bnrinrrsle.mp4,0.9426955580711365
bnriwtwfof.mp4,0.0654420256614685
bnrmoejozc.mp4,0.9546217918395996
bnsxuqhoei.mp4,0.0643274337053299
bntffimwve.mp4,0.8019757270812988
bnudobzshb.mp4,0.8843333125114441
bnvpafalfu.mp4,0.9100420475006104
bnvtgmfunt.mp4,0.9203940629959106
bnwkhfneqp.mp4,0.06975749135017395
bnwpzorrtc.mp4,0.9605332016944885
bnwxqegocz.mp4,0.9613176584243774
bnxispqojs.mp4,0.9378571510314941
bnyiorehpm.mp4,0.9029994010925293
boagmphucy.mp4,0.9115480184555054
boatuniakm.mp4,0.8866760730743408
bobulcobhw.mp4,0.846916139125824
bobuotmbyj.mp4,0.06956424564123154
bockklctcz.mp4,0.9645496010780334
bocrnmsejn.mp4,0.9384849667549133
bodsawledj.mp4,0.9117997288703918
bodvhackdj.mp4,0.95013827085495
boepzadatv.mp4,0.9736751914024353
bofeeihrug.mp4,0.9757785797119141
bofeuivknt.mp4,0.9256666898727417
bofgeerrrz.mp4,0.9166404604911804
bofmetrgfm.mp4,0.8755621314048767
bogcoldwxa.mp4,0.19514130055904388
bogjubshbr.mp4,0.885837972164154
bogpwahmwx.mp4,0.8279063701629639
bohrgpvebk.mp4,0.8891997933387756
bohwfyympd.mp4,0.7605895400047302
bohxccdcoo.mp4,0.9606411457061768
boiaofxiwp.mp4,0.9406530261039734
boiexvxboc.mp4,0.9501566886901855
boigglmnof.mp4,0.9366172552108765
boioyxhfch.mp4,0.9369714260101318
boirbbzkvt.mp4,0.845268964767456
bojrkqyjdk.mp4,0.6998684406280518
bolcjxqleh.mp4,0.8947131037712097
bolnqgimhd.mp4,0.8482912182807922
bolpdamwfo.mp4,0.7421005964279175
bolxsckgnj.mp4,0.80668705701828
bonanummuk.mp4,0.9044139981269836
bonatvjrzc.mp4,0.7999621629714966
bonmcuwuqu.mp4,0.9248106479644775
bonwkgdpzx.mp4,0.12074404209852219
booejmgaqh.mp4,0.07307140529155731
boopvichfi.mp4,0.03291526809334755
boprewpbmp.mp4,0.3328021466732025
boqihigtcw.mp4,0.7033118009567261
boqpxyzcyc.mp4,0.8960643410682678
bordcikifg.mp4,0.8919424414634705
boreeeujiu.mp4,0.5872288346290588
bortbfnubx.mp4,0.85787034034729
boruwivyxw.mp4,0.8971495628356934
bosbcjeizu.mp4,0.9373340606689453
bosclfijdo.mp4,0.9431937336921692
bosxyhludp.mp4,0.8352055549621582
botlpnmjmt.mp4,0.9394370913505554
bouhmflnng.mp4,0.7645030617713928
boulpmuket.mp4,0.9733102321624756
bowapsnlpk.mp4,0.9451374411582947
bowgnwjhqe.mp4,0.9900000691413879
bowjhilvfm.mp4,0.5010497570037842
bowsazznoh.mp4,0.8089210391044617
boxffpjcxp.mp4,0.9118586182594299
boxrpxjcrv.mp4,0.8714196681976318
boyribbmyg.mp4,0.10903014987707138
boyvpmwkhd.mp4,0.5
bozetkdhoi.mp4,0.871636688709259
bozhmxsghc.mp4,0.986832320690155
bpadffygrq.mp4,0.948131263256073
bparszhscy.mp4,0.9348726272583008
bpauyhxnlj.mp4,0.8934850692749023
bpbapwtwfa.mp4,0.9697411060333252
bpbbiubvoj.mp4,0.9589428305625916
bpbbjegsoa.mp4,0.8914984464645386
bpbkgyajts.mp4,0.6517423391342163
bpbqjruhkj.mp4,0.9607686400413513
bpbtijbhih.mp4,0.8009110689163208
bpbykjbyvp.mp4,0.8449919819831848
bpcmfykufo.mp4,0.8534892201423645
bpdvahiqem.mp4,0.6129876971244812
bpdwkgpwah.mp4,0.10205871611833572
bpeciyicig.mp4,0.9660065174102783
bpeemkcxad.mp4,0.19311556220054626
bpgekujqux.mp4,0.8161784410476685
bphdxnykou.mp4,0.9430506825447083
bphizcvcao.mp4,0.2283880114555359
bphkjrfmdf.mp4,0.9259534478187561
bphnfjxagq.mp4,0.6330809593200684
bphuuuhabb.mp4,0.3617266118526459
bpiaonpbju.mp4,0.6779263019561768
bpieoyctzo.mp4,0.16623874008655548
bpiuysyyuj.mp4,0.9020754098892212
bpjkimtqtz.mp4,0.868605375289917
bpjtvwbzjn.mp4,0.9071377515792847
bpjvxxvxvn.mp4,0.6008713841438293
bpkklvxqfc.mp4,0.5512638092041016
bpkpvrqduq.mp4,0.059919096529483795
bpkqpbfzkt.mp4,0.8545478582382202
bplwjxrjfx.mp4,0.9049250483512878
bpnexhvqmc.mp4,0.9154654741287231
bpoekpidxd.mp4,0.1296711415052414
bpofwnsxhr.mp4,0.721148669719696
bpoteqryto.mp4,0.9167923927307129
bpphufmsrn.mp4,0.973861038684845
bpppnleeud.mp4,0.8397934436798096
bpppzfcuuw.mp4,0.9294793009757996
bppvnnfsbu.mp4,0.9533799886703491
bpqkdefbia.mp4,0.05092485621571541
bpqnqpdrvq.mp4,0.8307210803031921
bpqxgmtxli.mp4,0.9718111157417297
bprcupujiv.mp4,0.8584012985229492
bprmtindge.mp4,0.5577888488769531
bpsjqgpszt.mp4,0.8129913210868835
bpsofjvwqw.mp4,0.16322101652622223
bpsqrrutff.mp4,0.9133910536766052
bptdwbwqtp.mp4,0.9826037883758545
bptgdgggmw.mp4,0.755466639995575
bpuaoihwyh.mp4,0.9377874732017517
bpunvjnbxu.mp4,0.9260736703872681
bpurhuhrkx.mp4,0.7670192122459412
bpvimgtvqr.mp4,0.047898609191179276
bpvjdhkspw.mp4,0.8711534142494202
bpwlxljeqi.mp4,0.923061192035675
bpxnubsfkp.mp4,0.979803740978241
bpxsrwrgvo.mp4,0.10657348483800888
bpxxmxuvuy.mp4,0.22316427528858185
bpxymugmnd.mp4,0.9859821796417236
bpyjsrjcro.mp4,0.1129048764705658
bpylmgxfqt.mp4,0.6586278080940247
bpzskkbywi.mp4,0.9574638605117798
bqaazokwgn.mp4,0.8259650468826294
bqctsjyrnn.mp4,0.9081434607505798
bqcwckuzax.mp4,0.9564246535301208
bqdatpidkt.mp4,0.4196622967720032
bqdgeuxypv.mp4,0.4385215938091278
bqexsfjguv.mp4,0.9123985171318054
bqfuqvtgux.mp4,0.37329384684562683
bqgtmfagak.mp4,0.8192676305770874
bqhcjuivwg.mp4,0.5716461539268494
bqhnwhikid.mp4,0.4513707756996155
bqhuqxrncx.mp4,0.8600953221321106
bqhzazlywa.mp4,0.7233867049217224
bqipgqbxuu.mp4,0.8730428218841553
bqjhlweyyl.mp4,0.9085591435432434
bqjmnairer.mp4,0.904017448425293
bqkcbecxvc.mp4,0.4413449466228485
bqkmlqpaqw.mp4,0.8240997791290283
bqlbvmpxqe.mp4,0.9108098745346069
bqmanbtedb.mp4,0.931081235408783
bqmdjsdegp.mp4,0.22027389705181122
bqmqwdsrsk.mp4,0.9752787947654724
bqnkjutgfo.mp4,0.9801567196846008
bqnrrwlhoa.mp4,0.8756141662597656
bqnwpojdfk.mp4,0.9448935389518738
bqokvgyvbc.mp4,0.8341249227523804
bqouowbtrc.mp4,0.8906693458557129
bqouzypnln.mp4,0.7635459303855896
bqpueovmwa.mp4,0.4431874752044678
bqpwmmesgq.mp4,0.03213975951075554
bqqmwptktz.mp4,0.8034073114395142
bqraxecmjq.mp4,0.9247312545776367
bqrmazghsj.mp4,0.9076409935951233
bqstyqrqpk.mp4,0.9546789526939392
bqtterqjyn.mp4,0.9661404490470886
bqtwvmatah.mp4,0.8837478160858154
bqtxylbmhe.mp4,0.9108825325965881
bquixjwgjq.mp4,0.9009013772010803
bquybimorp.mp4,0.2802762985229492
bqwwkjlmgv.mp4,0.9171973466873169
bqxxjdrlhv.mp4,0.9381052851676941
bqyckibuee.mp4,0.9233577251434326
bqydwaxekh.mp4,0.6377404928207397
bqylqctsxk.mp4,0.5503743886947632
bqyybmnxmk.mp4,0.9633765816688538
bqzqcnytto.mp4,0.7337503433227539
braakxlqhr.mp4,0.4356175661087036
brabohxhes.mp4,0.7127070426940918
brakjxmeoy.mp4,0.8825089931488037
brbajvtovp.mp4,0.9894694089889526
brbjuopcko.mp4,0.9084455370903015
brbkdjhodw.mp4,0.915823221206665
brdgxmzyer.mp4,0.9377556443214417
brdtgbokzj.mp4,0.6369578242301941
brdymbhmhn.mp4,0.96918123960495
bredrtjqhi.mp4,0.9202233552932739
brejilxlpx.mp4,0.12508322298526764
brfhgnvpvu.mp4,0.8747923970222473
brfisiknjr.mp4,0.8197351694107056
brfwaxtfov.mp4,0.8691062331199646
brgnsmjnde.mp4,0.83995121717453
brirqrndwc.mp4,0.0447709783911705
briujhlomc.mp4,0.1900452971458435
briushizfu.mp4,0.8946093916893005
brjeffhbzl.mp4,0.9406054019927979
brjvozjthm.mp4,0.8438578248023987
brlbfrwlxc.mp4,0.9262123703956604
brljbkqojj.mp4,0.8941512107849121
brlkkskcpw.mp4,0.7589792013168335
brnmynbswu.mp4,0.8296446800231934
brnrjjaoax.mp4,0.8316971063613892
brnucgxfmt.mp4,0.9455727934837341
brokmubtek.mp4,0.9421008229255676
brpegrpuhx.mp4,0.898131251335144
brpeicyhrl.mp4,0.7589973211288452
brpgchpere.mp4,0.9493991136550903
brpyycqyiw.mp4,0.7396166324615479
brqefywkfn.mp4,0.9295980334281921
brqmvsxeaz.mp4,0.08645787835121155
brqqhvmbiv.mp4,0.08983210474252701
brsjbddase.mp4,0.9810940623283386
brthpcihdg.mp4,0.8873745203018188
brukfvnunx.mp4,0.5803688168525696
bruuugwvqy.mp4,0.7906159162521362
brvjlapnpa.mp4,0.7785335779190063
brvnvecdnm.mp4,0.18785741925239563
brvsnraikz.mp4,0.9017398357391357
brxjwopuzg.mp4,0.9594318866729736
brxnhacofm.mp4,0.9548301100730896
brxswajyjy.mp4,0.8875991106033325
brxuxcgifd.mp4,0.9376075863838196
bryusijbzk.mp4,0.9716078042984009
brzhadgdbo.mp4,0.9748353362083435
bsairngrxq.mp4,0.8357290625572205
bsalymlxbf.mp4,0.9131316542625427
bsaxncmxzz.mp4,0.8403040170669556
bsbnaftjxd.mp4,0.8949195742607117
bsbpkuphfu.mp4,0.46983057260513306
bsbpxvkcxj.mp4,0.900760293006897
bsbztddlfe.mp4,0.07550806552171707
bsckuhakfc.mp4,0.8437175154685974
bsdhxityss.mp4,0.8063123226165771
bsdxszzuoz.mp4,0.6399105191230774
bsdyjymwcg.mp4,0.8953889012336731
bsedzrojkw.mp4,0.63275146484375
bsevwuoabp.mp4,0.9202824234962463
bsfylnbgww.mp4,0.9021599888801575
bshbncamhk.mp4,0.8769648671150208
bshezooygm.mp4,0.9199033379554749
bsjucwhlrj.mp4,0.20044192671775818
bskpyfkxpt.mp4,0.9450719356536865
bskwbhoenl.mp4,0.13011428713798523
bslhiabmve.mp4,0.8868116140365601
bslqxmastf.mp4,0.8969805836677551
bslvoeizbx.mp4,0.6866267323493958
bsmnmuyakc.mp4,0.9128878712654114
bsnkefbpyl.mp4,0.9403474926948547
bsnsresrqj.mp4,0.0960930585861206
bsnweoiova.mp4,0.9765011072158813
bsovvblcxg.mp4,0.1127922311425209
bsplcozagn.mp4,0.8915392756462097
bsprlfyyyc.mp4,0.35665902495384216
bspwelmoiu.mp4,0.9211432337760925
bsqvhrfnry.mp4,0.7268475294113159
bsrwincazk.mp4,0.9531834125518799
bssfqydpps.mp4,0.07041031867265701
bsshkhbuzf.mp4,0.9004198908805847
bsspfyrpnw.mp4,0.8948574662208557
bstetrqars.mp4,0.8290266990661621
bstrajsndp.mp4,0.569888174533844
bsttzosatq.mp4,0.890877366065979
bsujqrtvla.mp4,0.8270846605300903
bsutyosbsx.mp4,0.11173423379659653
bsvmqlmucm.mp4,0.9281619191169739
bsvwcilhko.mp4,0.8545100092887878
bswcgixolx.mp4,0.11912409961223602
bswmxwhjml.mp4,0.920939564704895
bsxewdhhaf.mp4,0.9498873353004456
bsxikakpoo.mp4,0.9571586847305298
bsxpgkrxim.mp4,0.10691273957490921
bsybhvudsq.mp4,0.7348116040229797
bsyeupjlxh.mp4,0.894469141960144
bszswtwrra.mp4,0.29447832703590393
bszzvytfvr.mp4,0.09888167679309845
btaidzkrks.mp4,0.9280527830123901
btanrlpgrm.mp4,0.8424509167671204
btaxjrlnmj.mp4,0.3931960165500641
btayrbgjxm.mp4,0.9220508337020874
btbagxtphm.mp4,0.12173017114400864
btbvjzjlqz.mp4,0.9051022529602051
btcaqtjdjz.mp4,0.8255181908607483
btclqnwhrs.mp4,0.7798928022384644
btcuttrcxi.mp4,0.06454602628946304
btdlkmhtfz.mp4,0.8723899126052856
btggyjectf.mp4,0.9565438032150269
btglxmjpxn.mp4,0.9216285347938538
btgxrrldio.mp4,0.05887388437986374
btgxrvmrwy.mp4,0.9352722764015198
bthkrdubbz.mp4,0.9706907272338867
btinmklnyn.mp4,0.9120357036590576
btirbpdxwb.mp4,0.9607820510864258
btiwatmwqq.mp4,0.8147083520889282
btiznanugc.mp4,0.927354633808136
btknugoagq.mp4,0.8949286341667175
btkqjzxhbk.mp4,0.9151618480682373
btlfyxivqz.mp4,0.9450132846832275
btlqqvfuck.mp4,0.1997520923614502
btlxobdodr.mp4,0.7724775075912476
btmhnidnpq.mp4,0.9211660027503967
btmwchvxxo.mp4,0.820986807346344
btmztqmmgb.mp4,0.4907193183898926
btnbabtddl.mp4,0.7905442714691162
btnolnefoi.mp4,0.1547154188156128
btnrjiboxc.mp4,0.9151190519332886
btootkmwxu.mp4,0.9359782338142395
btpaxvxwid.mp4,0.037678804248571396
btpsqnldul.mp4,0.8720704317092896
btqgwrjgwn.mp4,0.9428972005844116
btqktbhalb.mp4,0.4810216724872589
btqqucipfc.mp4,0.6202883720397949
btrnnpruie.mp4,0.8556631207466125
btrtwbssow.mp4,0.424389123916626
btrzghvcoy.mp4,0.8261286616325378
btsrawjyyo.mp4,0.7015560269355774
bttjrhkjec.mp4,0.9797671437263489
bturisblmo.mp4,0.9540019035339355
btvfmagwff.mp4,0.9833157658576965
btvmjiulnh.mp4,0.9065630435943604
btvxpbzdth.mp4,0.11473292857408524
btweniisjp.mp4,0.9080254435539246
btxgjsonxg.mp4,0.03771344572305679
btxjufhiaz.mp4,0.7464593052864075
btxusvfopn.mp4,0.9180582165718079
btyfnqjhhm.mp4,0.9450768232345581
btypbhkzns.mp4,0.8755521178245544
btyqcbvpmp.mp4,0.7766682505607605
btzdobfdib.mp4,0.9081467390060425
btznklglil.mp4,0.8575389981269836
btzqiokysa.mp4,0.3069358468055725
btzrnskuas.mp4,0.9007033109664917
btzxsegllg.mp4,0.8811003565788269
buadafzmbv.mp4,0.17651410400867462
bubbmjnmge.mp4,0.935535728931427
bubkdbpjze.mp4,0.9118911027908325
buctvoahji.mp4,0.37877243757247925
budaogjsut.mp4,0.9260221719741821
buejhiahpy.mp4,0.8097406029701233
buellpgdem.mp4,0.9496126770973206
buemqdmdwu.mp4,0.8474364280700684
buetnnfjqk.mp4,0.37792736291885376
buezutuhse.mp4,0.7605242729187012
bufechrihn.mp4,0.2074320763349533
bufrlvvuuu.mp4,0.15358684957027435
bufwbibdil.mp4,0.9096639156341553
bufwdtjsqq.mp4,0.5003432035446167
bugaupvytx.mp4,0.9026360511779785
bugymqgirs.mp4,0.9000946283340454
buhcfgpuyk.mp4,0.903799295425415
buhiqfnqdw.mp4,0.6752617955207825
buhshnytys.mp4,0.2614654004573822
bujfwowzml.mp4,0.9114745855331421
bujurekuaj.mp4,0.8737872838973999
bukdnrigys.mp4,0.8888020515441895
bukegrztbb.mp4,0.8882068991661072
bukrebcogf.mp4,0.9418686628341675
bukujzbexf.mp4,0.21078833937644958
bulmuhdpit.mp4,0.9152881503105164
bumzkmncht.mp4,0.9345277547836304
bunqceeubj.mp4,0.8864637017250061
bunqneptba.mp4,0.13978436589241028
buopqdpctq.mp4,0.14328768849372864
buottofqbp.mp4,0.9680529832839966
buovtlnzaz.mp4,0.377823144197464
buphywxmpz.mp4,0.8576081395149231
buqfbklybo.mp4,0.8179572224617004
busedsjyyy.mp4,0.8996766805648804
butcbdayfp.mp4,0.2266990691423416
buttwssduj.mp4,0.8278620839118958
buuxmgfpny.mp4,0.8852876424789429
buvqtyoodn.mp4,0.8821494579315186
buxmjdnowq.mp4,0.9510053992271423
buyniyufbw.mp4,0.885170042514801
buywrbgfqy.mp4,0.05985243618488312
buzqmuifod.mp4,0.7589713931083679
buzzvnnfkp.mp4,0.8648208379745483
bvaajzstgj.mp4,0.47383224964141846
bvagqyahki.mp4,0.7655206918716431
bvavrwigvx.mp4,0.8934521675109863
bvayvrdpvp.mp4,0.9838876724243164
bvazvhiwji.mp4,0.8981332778930664
bvbekshaej.mp4,0.8299267888069153
bvbgrnnbsi.mp4,0.09873731434345245
bvbkmfvscw.mp4,0.9838302731513977
bvbnqnfmed.mp4,0.2108970284461975
bvbrngubgv.mp4,0.9131883382797241
bvbxaenure.mp4,0.8482927083969116
bvcgjefely.mp4,0.9106576442718506
bvchleajgn.mp4,0.978961706161499
bvdkuotfnw.mp4,0.914293646812439
bvdncdyxls.mp4,0.9171301126480103
bvdtoxlnzp.mp4,0.9122976660728455
bvejtrjahj.mp4,0.9069290161132812
bvfivlvvho.mp4,0.8832863569259644
bvfiynbqar.mp4,0.12000683695077896
bvflkesiug.mp4,0.18013164401054382
bvfxnmejnh.mp4,0.9007387161254883
bvhmwphflz.mp4,0.20710544288158417
bvhqmyzqow.mp4,0.8819117546081543
bvhtcinegi.mp4,0.9007687568664551
bvibhzfhla.mp4,0.9636654257774353
bvigkozalf.mp4,0.9456651210784912
bvimbeuchl.mp4,0.9000123739242554
bvixqdtskk.mp4,0.8262481689453125
bviychitvv.mp4,0.8067799210548401
bvjdckijtv.mp4,0.4372691512107849
bvjdrocsro.mp4,0.6464604139328003
bvjribybbl.mp4,0.9156452417373657
bvkfgeyaif.mp4,0.8757930397987366
bvlehtmqzn.mp4,0.5908679962158203
bvoxyumctv.mp4,0.9521403908729553
bvpqatdnyb.mp4,0.9555975794792175
bvqhfltctv.mp4,0.8878291845321655
bvqogultwl.mp4,0.6984320878982544
bvquaufoey.mp4,0.973509669303894
bvqvuhzzrq.mp4,0.833289384841919
bvrgsnsqql.mp4,0.7251527905464172
bvrhroydzw.mp4,0.7924607396125793
bvstgibbuo.mp4,0.8173068165779114
bvszoquzra.mp4,0.3425871431827545
bvszwamatk.mp4,0.8483323454856873
bvtdgrscfl.mp4,0.8246010541915894
bvtltnsjdy.mp4,0.9304146766662598
bvtscpmrlo.mp4,0.8646835088729858
bvujlvvord.mp4,0.6168326735496521
bvvbtgcwxk.mp4,0.9600760340690613
bvvlsicddb.mp4,0.9540452361106873
bvvtplzwnt.mp4,0.46693870425224304
bvwsprcjha.mp4,0.34343674778938293
bvxgwnzdtg.mp4,0.8526323437690735
bvxtphxeku.mp4,0.9519789814949036
bvylomlyys.mp4,0.9016695618629456
bvyvzmnjwd.mp4,0.1883234679698944
bwabxrljfa.mp4,0.8859580159187317
bwaeskbdin.mp4,0.9391283392906189
bwagweehvu.mp4,0.9543427228927612
bwahtlquns.mp4,0.5366686582565308
bwaorjqqwn.mp4,0.7750263810157776
bwdcagaquo.mp4,0.9164953827857971
bwditoozfz.mp4,0.8497921228408813
bwedvpmotz.mp4,0.040530651807785034
bweqhxlrrm.mp4,0.7263656258583069
bwetgseinq.mp4,0.955970823764801
bwetzcoeor.mp4,0.6944848895072937
bwflusfvxg.mp4,0.9519838094711304
bwfulxdqjx.mp4,0.977687418460846
bwgsdyeptx.mp4,0.9280627965927124
bwhdmdqwba.mp4,0.7661173343658447
bwhxpexqsw.mp4,0.8379655480384827
bwibhtuldm.mp4,0.19339509308338165
bwitpcpzcd.mp4,0.6057044267654419
bwjzwayrkk.mp4,0.5244059562683105
bwkjzpzamn.mp4,0.817496120929718
bwkvqzypli.mp4,0.3281107544898987
bwlffzgmgp.mp4,0.9086954593658447
bwlrxzhaew.mp4,0.9053129553794861
bwmbbmtsfi.mp4,0.9288027882575989
bwmqlgmzln.mp4,0.10607841610908508
bwnugdtpui.mp4,0.9001549482345581
bwocxfcknz.mp4,0.689579427242279
bwopxuzykt.mp4,0.05846870318055153
bwpuxeqbso.mp4,0.9447330832481384
bwqbndignx.mp4,0.8984906673431396
bwqfjaxyjb.mp4,0.7564454674720764
bwqfwesgqk.mp4,0.9006549119949341
bwrdkiirsu.mp4,0.9403731822967529
bwrvwiwdbd.mp4,0.9198594689369202
bwsekuehyo.mp4,0.9311988949775696
bwsfcdhbiw.mp4,0.9819921851158142
bwshqkblkm.mp4,0.9633681774139404
bwtgujxyhs.mp4,0.9414983987808228
bwtuvbsgfa.mp4,0.6822651028633118
bwtywzusnc.mp4,0.9039523005485535
bwuqunogsd.mp4,0.8780620694160461
bwuvkociif.mp4,0.9213663339614868
bwvzxzumop.mp4,0.9439462423324585
bwwcmftycf.mp4,0.8749043345451355
bwwdvjtzzp.mp4,0.711596667766571
bwwxahlxhr.mp4,0.8597971796989441
bwwxcxbqlq.mp4,0.8303743600845337
bwwynencjv.mp4,0.9431524276733398
bwxcxqmuyo.mp4,0.39296194911003113
bwxfakgakt.mp4,0.8519721627235413
bwxkyqwwcb.mp4,0.8337046504020691
bwxpsmsefj.mp4,0.886064350605011
bwxwlgbkal.mp4,0.6869311928749084
bwxwuttmul.mp4,0.848730742931366
bwxxgqzihu.mp4,0.9284563660621643
bwykciwlwm.mp4,0.5892747640609741
bwyvrcczte.mp4,0.8450451493263245
bwywgggeen.mp4,0.4577350914478302
bwywukcbwc.mp4,0.07380285114049911
bxajwykzqi.mp4,0.9296063184738159
bxbfpzbkwl.mp4,0.9159331917762756
bxcmqokvfk.mp4,0.9063719511032104
bxctqseswc.mp4,0.7348657250404358
bxdyjejzht.mp4,0.9021211862564087
bxefyimnqr.mp4,0.6921548843383789
bxeprijnls.mp4,0.8973462581634521
bxeyjgwycq.mp4,0.9215198755264282
bxfnvvwjvc.mp4,0.7873178720474243
bxfwiuvafo.mp4,0.8168641924858093
bxgesmkqrs.mp4,0.8289779424667358
bxgxbipxxu.mp4,0.6375976204872131
bxhyaulwtg.mp4,0.030296510085463524
bxjwspywsy.mp4,0.8594281673431396
bxkalrcdyx.mp4,0.6803632378578186
bxldffbnsq.mp4,0.8795781135559082
bxlhwmsfmt.mp4,0.9046007990837097
bxnwhbnjnp.mp4,0.9624509215354919
bxnzbjlgsx.mp4,0.9368439316749573
bxoerjwing.mp4,0.5363935828208923
bxoqjcxxtk.mp4,0.7048525214195251
bxqercyauk.mp4,0.8869408369064331
bxqgvzamnx.mp4,0.07006970793008804
bxqwzqvtym.mp4,0.5202411413192749
bxrpqqvpfk.mp4,0.679182767868042
bxsdnqizii.mp4,0.15860839188098907
bxswfhqcbc.mp4,0.3039167523384094
bxswpxalxm.mp4,0.8766669631004333
bxtayevhbw.mp4,0.9717176556587219
bxujrixvnt.mp4,0.8324028849601746
bxxovxktqn.mp4,0.8881402611732483
bxxucoyrxf.mp4,0.9610905051231384
bxzsqcfbjs.mp4,0.9809040427207947
bxzzmbhwiu.mp4,0.7414876222610474
byajlgbxeb.mp4,0.9594330191612244
byavookkdu.mp4,0.6967881917953491
bybazuaxcd.mp4,0.9300843477249146
bybudefjsm.mp4,0.9545880556106567
bycahicdry.mp4,0.9096769690513611
bycyalhlxv.mp4,0.9497223496437073
byeisklyzt.mp4,0.9793480038642883
byfappkcff.mp4,0.961134135723114
byfdhsjrkt.mp4,0.7890068888664246
bygbpfunju.mp4,0.1373862773180008
bygcjtxpzt.mp4,0.7772029042243958
bygliesdxg.mp4,0.9199126362800598
bygmwmgzne.mp4,0.9577544927597046
byhcnbxbhc.mp4,0.7749539017677307
byhfdzwppd.mp4,0.9607413411140442
byhnpxstqf.mp4,0.9515966176986694
byiminimdm.mp4,0.750787615776062
byivdbmffg.mp4,0.8259058594703674
byjoihgsaq.mp4,0.5292778611183167
byjuufxrwl.mp4,0.9507585763931274
bykbyvzxog.mp4,0.20574437081813812
bykjvweucb.mp4,0.7858238220214844
byldztfret.mp4,0.25570598244667053
bylkmqbkkz.mp4,0.8088135123252869
bylpobinsn.mp4,0.9053219556808472
bymdnvzzvf.mp4,0.051004014909267426
bymiurlofm.mp4,0.7365081906318665
bynjfympwi.mp4,0.6282656192779541
bynwaqcgnj.mp4,0.8718917369842529
bynyqmbonf.mp4,0.9207330942153931
byocokuicb.mp4,0.9586436152458191
byorayoofg.mp4,0.9349142909049988
bypnfnyrcl.mp4,0.9139092564582825
byqvbitrlo.mp4,0.8305902481079102
byrbgeowil.mp4,0.856657087802887
byrclwttja.mp4,0.9416792392730713
byrjdpnkhz.mp4,0.06422620266675949
bytiwsyfjr.mp4,0.8994216918945312
bytzlcfmqy.mp4,0.8728672862052917
byusjuglvw.mp4,0.5488430857658386
byuzgbyyrs.mp4,0.034114569425582886
byvgilzydb.mp4,0.8912497758865356
byvglwkkoc.mp4,0.9336382150650024
byvnucyqov.mp4,0.9211385250091553
byvsfehvwc.mp4,0.7682293653488159
bywkfvypwj.mp4,0.9145808815956116
bywkznbyha.mp4,0.6408950686454773
byxasxlnqy.mp4,0.9402520060539246
byxbsuazip.mp4,0.6343786120414734
byxgtvarwn.mp4,0.6249204277992249
byxkpgcpzq.mp4,0.9372704029083252
byxuznmdfc.mp4,0.9268012642860413
byzdqbsjhs.mp4,0.945867121219635
byzhqvspaz.mp4,0.10831474512815475
byzqulbpmw.mp4,0.952772855758667
byzsrsnsva.mp4,0.8918833136558533
bzadvtcrbc.mp4,0.4653136134147644
bzagvgsgrf.mp4,0.45711928606033325
bzaqomdlim.mp4,0.637506902217865
bzbmbnulzr.mp4,0.4471080005168915
bzbmowfkgs.mp4,0.9423543214797974
bzbtqgbrdl.mp4,0.9144577980041504
bzbvxuhvmj.mp4,0.898784875869751
bzbvyrxzki.mp4,0.9050796031951904
bzcllqzvps.mp4,0.9206017255783081
bzcuildyyg.mp4,0.9687931537628174
bzcytcuhwh.mp4,0.9031445980072021
bzdhpjxqbp.mp4,0.8999630808830261
bzdywpajvr.mp4,0.1774645298719406
bzenjqbqag.mp4,0.7755326628684998
bzexfqueet.mp4,0.8609775900840759
bzfwuhytjx.mp4,0.0532800555229187
bzgbexteux.mp4,0.8972306847572327
bzhchxiwlf.mp4,0.9637307524681091
bzhxqsgtyb.mp4,0.9441782236099243
bzifuhigbw.mp4,0.9558891654014587
bziiryxwqb.mp4,0.953382134437561
bzizbjayot.mp4,0.9172613024711609
bzkcxleaos.mp4,0.15236856043338776
bzkgdqauwi.mp4,0.9135667085647583
bzktkihnst.mp4,0.9395051002502441
bzkwftgenj.mp4,0.06596072018146515
bzkyhbjpbz.mp4,0.04001866653561592
bzmkdtmpch.mp4,0.8555194735527039
bzmucsxecs.mp4,0.5441877245903015
bznqlkvooi.mp4,0.8959878087043762
bznvpsqshz.mp4,0.08507509529590607
bzobkqewtt.mp4,0.9461944103240967
bzohuudija.mp4,0.7886845469474792
bzonnzpmxa.mp4,0.9158537983894348
bzpakhiczx.mp4,0.9478470087051392
bzprpvomfu.mp4,0.9403563737869263
bzpyicwhcr.mp4,0.5841847658157349
bzqfrfmgzb.mp4,0.4771287441253662
bzqkplrsnt.mp4,0.917661726474762
bzqsqecznf.mp4,0.9080880284309387
bzriviqbdr.mp4,0.9448621869087219
bzsdvoxjzz.mp4,0.9779769778251648
bzsnkjzneg.mp4,0.8840356469154358
bzswtcvvak.mp4,0.14927971363067627
bzsxxqcyny.mp4,0.9178193807601929
bztufjtujr.mp4,0.9285532832145691
bzvkhvjaeo.mp4,0.9508310556411743
bzvlmeobfl.mp4,0.06305346637964249
bzwicfdrmu.mp4,0.2776455283164978
bzxefrmihn.mp4,0.9169762134552002
bzxgrvhkiz.mp4,0.8901493549346924
bzymycufbd.mp4,0.9044479131698608
bzypdvmjsf.mp4,0.8861503601074219
bzzovdtlpc.mp4,0.8619310855865479
bzzvxykyza.mp4,0.5757935047149658
caanukzrlh.mp4,0.7688636779785156
cabhgzgpba.mp4,0.08551684021949768
cabjaiwamo.mp4,0.8679018020629883
cabuhwkols.mp4,0.9190654754638672
cacaalogqa.mp4,0.7928830981254578
cacdswmrdp.mp4,0.17007583379745483
cadunqdqla.mp4,0.807988703250885
caehfiqwkj.mp4,0.5176715850830078
caeyzwnpor.mp4,0.9098131656646729
cafsyijwpm.mp4,0.9465855956077576
cagoqwiopu.mp4,0.9472323060035706
cagtrwvmbf.mp4,0.8244293332099915
cahbpophdl.mp4,0.6226977705955505
cahxxqxnto.mp4,0.9534712433815002
caiawngylm.mp4,0.8567326068878174
caikegrhfs.mp4,0.058045096695423126
caiunsnquf.mp4,0.8702805042266846
cajtodmmwx.mp4,0.9570639729499817
cajxctvlfj.mp4,0.5654014348983765
calgsvuncg.mp4,0.7155345678329468
calnloxfdm.mp4,0.8978833556175232
calqcklglq.mp4,0.9478713274002075
calwihtnjm.mp4,0.8472110033035278
cambmhacur.mp4,0.9714704751968384
camjjcxnhk.mp4,0.9315295219421387
canjrymigo.mp4,0.9670102596282959
canptnddwm.mp4,0.8615862727165222
caohlfazlx.mp4,0.2132807970046997
caperzzilq.mp4,0.7026333212852478
caphzofvrj.mp4,0.1873769760131836
caplninunw.mp4,0.31221112608909607
caqderfjql.mp4,0.883240282535553
caqrutmoif.mp4,0.16045106947422028
caqwaugebu.mp4,0.9477075934410095
carqvcydoc.mp4,0.9782081842422485
carvrcfwwu.mp4,0.9567129015922546
catdhymrfz.mp4,0.13830573856830597
cathvygbkb.mp4,0.7814108729362488
catwfsejfc.mp4,0.9246677756309509
cauthxezhw.mp4,0.8582741618156433
cavvofhzgz.mp4,0.8588910698890686
caxdhwpyww.mp4,0.7274490594863892
caxsyphmru.mp4,0.863065779209137
caybvafaow.mp4,0.7677926421165466
caydsjdmfw.mp4,0.9878078699111938
caygzclxfm.mp4,0.6397225856781006
cayjarbgsx.mp4,0.9370830655097961
cayliwbhpq.mp4,0.4371151626110077
caypwrfwar.mp4,0.9148463010787964
cazhchqjke.mp4,0.8927010297775269
caznfplucs.mp4,0.06918565928936005
cbanufeqzb.mp4,0.9139075875282288
cbaubihobq.mp4,0.10923444479703903
cbbkxznyfe.mp4,0.9360441565513611
cbbmihedlz.mp4,0.16113488376140594
cbbugjbzwq.mp4,0.11799990385770798
cbcjilnpfa.mp4,0.909587562084198
cbcjuhdped.mp4,0.5868602395057678
cbdkwabria.mp4,0.9477017521858215
cbdnonogrk.mp4,0.11926663666963577
cbdquwkipe.mp4,0.15641158819198608
cbdsqeqqgw.mp4,0.9785795211791992
cbebeaznzy.mp4,0.08150501549243927
cbergyymhr.mp4,0.8681120276451111
cbezijagez.mp4,0.5471556186676025
cbffzyuzmb.mp4,0.1065894290804863
cbfvkzmyus.mp4,0.9742327332496643
cbgcrtddef.mp4,0.8052501678466797
cbhqylgtxg.mp4,0.9333617687225342
cbieewabwp.mp4,0.914020299911499
cbiqnvszuw.mp4,0.9011716246604919
cbjztcfamt.mp4,0.2885887324810028
cbkaohrtkz.mp4,0.8656099438667297
cbkojiiyes.mp4,0.7851943373680115
cbkpffismt.mp4,0.9433478713035583
cbkuuhtttt.mp4,0.8721344470977783
cblcntsvln.mp4,0.2849026620388031
cblquvzvyl.mp4,0.9551417827606201
cbntmghmkn.mp4,0.9251374006271362
cboefaupik.mp4,0.8631361126899719
cborltcwhi.mp4,0.9886823296546936
cboztpdgxt.mp4,0.10713114589452744
cbpjvmtmzx.mp4,0.5384184122085571
cbqdpfnktj.mp4,0.057835087180137634
cbqfgqronr.mp4,0.8788000345230103
cbqteothjv.mp4,0.9872622489929199
cbrlmpovtt.mp4,0.9746600985527039
cbsefmnkpy.mp4,0.032308515161275864
cbsskjhefa.mp4,0.8686702251434326
cbtgceekxe.mp4,0.05118533968925476
cbueuqdcth.mp4,0.3421890139579773
cbvqvlydjm.mp4,0.9885337352752686
cbwsdexwwm.mp4,0.9850988388061523
cbxlwnkrpz.mp4,0.8671908378601074
cbxphbzrvy.mp4,0.7250523567199707
cbxtulzkxr.mp4,0.4339524805545807
cbxvvgybsy.mp4,0.9194632172584534
cbxyzwaoal.mp4,0.9241697192192078
cbzdfewrhy.mp4,0.8961137533187866
ccafjjfqid.mp4,0.050069477409124374
ccaihvldle.mp4,0.5449373126029968
ccakgpvupa.mp4,0.7020187973976135
ccbnlgdfjs.mp4,0.874914288520813
ccboyxnmtw.mp4,0.9450443983078003
ccbsknxdyc.mp4,0.9161650538444519
cccdhhehej.mp4,0.9865803718566895
cccwbhcnwe.mp4,0.13737021386623383
ccdgiezfdv.mp4,0.5484763979911804
ccdhupjnbm.mp4,0.8747884631156921
ccdidtvycw.mp4,0.9450830221176147
ccdlnpaaki.mp4,0.6168950796127319
ccdpnwqbal.mp4,0.7766073346138
ccdpvedhkd.mp4,0.7997642755508423
ccdxkfjwdc.mp4,0.9652739763259888
cceqjxezdw.mp4,0.9548928737640381
ccesiweode.mp4,0.8963372707366943
ccevbixrwu.mp4,0.11907582730054855
ccfhogoqpm.mp4,0.9189732074737549
ccfloicpbc.mp4,0.970302164554596
ccftfhdfnn.mp4,0.5515402555465698
ccfvwveyfl.mp4,0.8960311412811279
ccfyxpgstu.mp4,0.9151930212974548
ccgbzvaicj.mp4,0.08198419213294983
ccggjgnzws.mp4,0.9770650863647461
ccggqzuotg.mp4,0.9019529223442078
cchbkkgxts.mp4,0.3717304766178131
cchfwuzqmn.mp4,0.9396432638168335
cchjuvkwhi.mp4,0.44185811281204224
cciabaezvr.mp4,0.9394661784172058
ccihgtfigm.mp4,0.3415943682193756
ccipcmxaef.mp4,0.5
ccjbwowrzr.mp4,0.9309961199760437
ccjdqupbqr.mp4,0.2370413839817047
ccjrrkbxjg.mp4,0.48617124557495117
ccjwpkwdtx.mp4,0.9070882201194763
cckzuzizjm.mp4,0.8960273265838623
cclusswnlb.mp4,0.6480637788772583
ccmpbioauu.mp4,0.33205801248550415
ccnmwmmoaq.mp4,0.16525059938430786
ccpnakarci.mp4,0.6539475917816162
ccpwkvdjir.mp4,0.05402946099638939
ccpxfwqifj.mp4,0.19216212630271912
ccpzqqemva.mp4,0.9468693733215332
ccqspukmcr.mp4,0.8718361854553223
ccqvrbikis.mp4,0.08818267285823822
ccrtvyylwu.mp4,0.830502986907959
ccsohxdeyz.mp4,0.8235920071601868
cctpcnsfka.mp4,0.3556329309940338
ccufwwpkrc.mp4,0.682234525680542
ccuptgcaex.mp4,0.9747675657272339
ccvgsjbwmz.mp4,0.7949342727661133
ccxqrysmxj.mp4,0.801906168460846
ccxtpaqpsc.mp4,0.7359070777893066
ccyphmrxrf.mp4,0.8422993421554565
ccyykriupf.mp4,0.8930906057357788
ccyymgragw.mp4,0.9082233309745789
ccyywzfvii.mp4,0.05995520204305649
cczexzhuou.mp4,0.7154995799064636
ccziopimrm.mp4,0.9593058228492737
cczirkefmi.mp4,0.11242631822824478
cczxmsfutp.mp4,0.9336463809013367
cdadymfdql.mp4,0.9453465342521667
cdbjpehdnv.mp4,0.9127525091171265
cddckmwrdc.mp4,0.9259939193725586
cddghncyfn.mp4,0.9256944060325623
cddqkogvva.mp4,0.5388022065162659
cddykxfiii.mp4,0.9244407415390015
cdeesuuuqz.mp4,0.13272638618946075
cdelzdhqpc.mp4,0.9328287243843079
cdenhadzhi.mp4,0.8458592295646667
cdffygfgcz.mp4,0.06136784702539444
cdfvyezjis.mp4,0.9743130803108215
cdgsptpqet.mp4,0.11017080396413803
cdgulhthen.mp4,0.881471574306488
cdhdwtdbpe.mp4,0.0657259076833725
cdhiogrmhb.mp4,0.7649729251861572
cdhqahmfqo.mp4,0.06512358784675598
cdigrftghi.mp4,0.7559422850608826
cdjglvxapn.mp4,0.5607274174690247
cdjisxdgbq.mp4,0.8953813314437866
cdketmfmnm.mp4,0.12914380431175232
cdkniwszmf.mp4,0.18034663796424866
cdlusurrps.mp4,0.8880177140235901
cdnizjybej.mp4,0.9250383973121643
cdnookrehk.mp4,0.9515215158462524
cdnzwnhxle.mp4,0.7971218824386597
cdomdwytdp.mp4,0.9383829832077026
cdosaiyoln.mp4,0.8962855339050293
cdpnnebwfa.mp4,0.6098846197128296
cdrdflgopu.mp4,0.3893562853336334
cdrktlivps.mp4,0.5184589624404907
cdrxdvdxwt.mp4,0.0678526982665062
cdslfmsvir.mp4,0.9048130512237549
cdspzxitmn.mp4,0.7741755247116089
cdtvurrrzb.mp4,0.9257202744483948
cdubvdkuby.mp4,0.16001363098621368
cdubynoclz.mp4,0.306071400642395
cduovsffmz.mp4,0.8885473608970642
cdutdcaovc.mp4,0.6190412640571594
cduujihlvh.mp4,0.1354854851961136
cduxnbnejb.mp4,0.9220844507217407
cdwhtpnuia.mp4,0.026310335844755173
cdwtzresja.mp4,0.9262295961380005
cdxktalois.mp4,0.9377478957176208
cdxowomrhk.mp4,0.17466753721237183
cdxxenjwam.mp4,0.0453018993139267
cdyoiiuszk.mp4,0.9619070887565613
cdyxbkszli.mp4,0.8596745133399963
cdzjzjavcc.mp4,0.8272964954376221
cdzxeitqld.mp4,0.9899976253509521
ceajctiezl.mp4,0.9285560846328735
cebbgoldtx.mp4,0.8388304114341736
cebpfewlbd.mp4,0.9059889316558838
cebtyutbtn.mp4,0.9507359862327576
cedilmtdmi.mp4,0.9150203466415405
cedlqcxazg.mp4,0.9604462385177612
cedneyiutj.mp4,0.9105799794197083
cedpyannqf.mp4,0.15465371310710907
cedpzscejx.mp4,0.5570544004440308
ceeggdnwek.mp4,0.9434713125228882
ceelmfvdxi.mp4,0.7444667220115662
ceeutxgbzd.mp4,0.9565140008926392
ceezfxqjrt.mp4,0.4959566593170166
ceffvfqkyb.mp4,0.9364057183265686
cefolmrrlx.mp4,0.12054222822189331
cefqtwwdir.mp4,0.9891706705093384
cegdayfefc.mp4,0.950785219669342
cehtpjzpes.mp4,0.6556100845336914
ceiaeqrsvl.mp4,0.8884179592132568
ceirhouonh.mp4,0.8127288818359375
cejcybcemu.mp4,0.9020094275474548
cejimtkdoq.mp4,0.0643540695309639
ceketlqsrm.mp4,0.7388561367988586
celpgkvgpb.mp4,0.9148572683334351
celyntkwbj.mp4,0.9078266620635986
cemickbskt.mp4,0.8882011771202087
cemkckfnfn.mp4,0.2737608850002289
cemtyyxdti.mp4,0.8680639266967773
cenmgmzjqp.mp4,0.9111081957817078
ceotvqfajr.mp4,0.8949829936027527
ceoyuhoxof.mp4,0.7768303155899048
cepqcoseaj.mp4,0.41720396280288696
cepsnuvlqu.mp4,0.9533922672271729
ceqmqgzewb.mp4,0.9010750651359558
cerwxjqsmv.mp4,0.8381509780883789
cesgmngaco.mp4,0.8843923211097717
cesiuumrwj.mp4,0.8710070252418518
cesyydepjw.mp4,0.8389243483543396
cetjuevdbj.mp4,0.9533033967018127
cetnkjijcl.mp4,0.9236969351768494
ceufzuzydq.mp4,0.960249662399292
ceuvcoplbs.mp4,0.681410014629364
cevrqoqrpm.mp4,0.9569445252418518
cewalfidka.mp4,0.46178069710731506
cewbjmqyic.mp4,0.9745835065841675
cexmizogbp.mp4,0.21263770759105682
ceyewzqnup.mp4,0.9158056974411011
ceyvswmikv.mp4,0.4810457229614258
cfaelcvldo.mp4,0.5839654207229614
cfcjjaembf.mp4,0.9333999156951904
cfcrgdvupt.mp4,0.940974771976471
cfdlyhelif.mp4,0.9541195631027222
cfeccumoiy.mp4,0.957710862159729
cfegjchptu.mp4,0.9818214774131775
cfepgwphfx.mp4,0.9527966976165771
cffobunthq.mp4,0.9790939688682556
cfgvdxxrwb.mp4,0.32847142219543457
cfhoqpdzqb.mp4,0.8458861112594604
cfijmnlmjz.mp4,0.5794344544410706
cfiwjsjltu.mp4,0.28061866760253906
cfjfplnbrd.mp4,0.8647252321243286
cfjfyptzwn.mp4,0.9498423337936401
cfjvctusjp.mp4,0.6577601432800293
cfkbnqpbpm.mp4,0.11651625484228134
cfkjxylprk.mp4,0.9264848232269287
cfkodaajhv.mp4,0.9454596042633057
cflajhyjwz.mp4,0.8934891819953918
cfmiliboth.mp4,0.9443321228027344
cfmjwmqgjd.mp4,0.9188385009765625
cfmnirsgxs.mp4,0.07825369387865067
cfmskgcrrm.mp4,0.9197549223899841
cfmxdisump.mp4,0.8573918342590332
cfmxhruvov.mp4,0.07621369510889053
cfnbltpvbr.mp4,0.9415997266769409
cfnlqhqhvp.mp4,0.9297075867652893
cfogjeundg.mp4,0.7782975435256958
cfozboeyaq.mp4,0.8507627248764038
cfpblexucf.mp4,0.9066729545593262
cfpwugwvjj.mp4,0.9573001265525818
cfqmnjcuwa.mp4,0.05878271907567978
cfqnmpqyrv.mp4,0.9665008783340454
cfrdfuunan.mp4,0.8947240710258484
cfryhrtbkr.mp4,0.9334930181503296
cfsdvzrckg.mp4,0.970464825630188
cfskcbujka.mp4,0.969577431678772
cftaeufnmp.mp4,0.9861097931861877
cftlnhvkjm.mp4,0.9108188152313232
cfuilgjref.mp4,0.10948646068572998
cfuwvsrylm.mp4,0.7909641861915588
cfvdlhypmw.mp4,0.8776795864105225
cfvdrawtgq.mp4,0.0802701860666275
cfwdlimdjk.mp4,0.8867506384849548
cfwjfzjdby.mp4,0.9704322814941406
cfwjpthcpu.mp4,0.9592617750167847
cfwsamzybv.mp4,0.9570409655570984
cfxypsulos.mp4,0.9116234183311462
cfzfhvyrsr.mp4,0.7248818874359131
cgakuqkotg.mp4,0.8632726073265076
cgaoujuasi.mp4,0.6411184072494507
cgauqjrqrb.mp4,0.07089796662330627
cgbcoyyuhn.mp4,0.9223225116729736
cgbfmokzmf.mp4,0.8573547005653381
cgbjtfbljp.mp4,0.8728757500648499
cgcfrcephg.mp4,0.8600176572799683
cgcmdddbch.mp4,0.9111952781677246
cgdpimxyqd.mp4,0.8366248607635498
cgdrflfmom.mp4,0.948401927947998
cgebtadovo.mp4,0.47306209802627563
cgefriykjw.mp4,0.11959588527679443
cgejubwayd.mp4,0.8414871692657471
cgetledlxm.mp4,0.882762610912323
cggdptapsj.mp4,0.8998017907142639
cggngboudt.mp4,0.9365130662918091
cgheccdlif.mp4,0.22211608290672302
cghklgzlau.mp4,0.07447908073663712
cghmcisqjh.mp4,0.11855486035346985
cgifdoaosl.mp4,0.893790066242218
cgirwxsied.mp4,0.9109589457511902
cgjmjdenqi.mp4,0.2359561026096344
cgjqegcfvz.mp4,0.9652572274208069
cgkkwecgjq.mp4,0.9462194442749023
cgksdoyyxv.mp4,0.6028217077255249
cgkuwkbpsx.mp4,0.9349870085716248
cglpyitrzw.mp4,0.7438170313835144
cgmcrovuwg.mp4,0.13757197558879852
cgmrbwbsmr.mp4,0.9731076955795288
cgntouozbs.mp4,0.9596561789512634
cgomfzqjeu.mp4,0.9629241228103638
cgoqhidgvq.mp4,0.04662793502211571
cgpoltonnr.mp4,0.9102458953857422
cgqnxavvus.mp4,0.9373413324356079
cgrgytpdjg.mp4,0.9168015718460083
cgshwqygpt.mp4,0.9008501172065735
cgswtobqsw.mp4,0.8024159669876099
cgtazaiapf.mp4,0.9396606087684631
cgtfmnnfrw.mp4,0.9003219604492188
cgttnbybei.mp4,0.9147611856460571
cgttzpagqf.mp4,0.9309826493263245
cguelfepci.mp4,0.8856284618377686
cguelxskll.mp4,0.7258355617523193
cguwnxrdgl.mp4,0.8328215479850769
cgvffsrefc.mp4,0.14396832883358002
cgvgfncfzs.mp4,0.9025932550430298
cgvnxghqbl.mp4,0.9552517533302307
cgvwhhfpha.mp4,0.9285659790039062
cgvxnadtdm.mp4,0.9795390963554382
cgwwzjscib.mp4,0.9614004492759705
cgxbvngoek.mp4,0.9577925801277161
cgxruwoaqc.mp4,0.9359908103942871
cgxsxdllit.mp4,0.9232777953147888
cgxvgsgzco.mp4,0.31788158416748047
cgyficbwoe.mp4,0.5768364667892456
cgyfydvyyx.mp4,0.8976523280143738
cgyglkqfut.mp4,0.8896447420120239
cgzxxjamqy.mp4,0.9148592948913574
chaintznsk.mp4,0.9532923102378845
chajgyysle.mp4,0.9173002243041992
chbjetguwl.mp4,0.9424983263015747
chbmstljzm.mp4,0.9609547853469849
chdvhlhaiq.mp4,0.8117024898529053
chdwmbuyle.mp4,0.9618208408355713
chehvhrqyg.mp4,0.5618873834609985
chfonbvkxq.mp4,0.8951166272163391
chgdwwwgrq.mp4,0.8973546624183655
chgkcdtkhw.mp4,0.04112432897090912
chhdhwehot.mp4,0.9312605261802673
chhfxazpav.mp4,0.43670982122421265
chhqtdxurz.mp4,0.10285714268684387
chhzoxcvhl.mp4,0.8446727395057678
chibbtchnd.mp4,0.08459734916687012
chipvomngq.mp4,0.055231232196092606
chiyetcxfu.mp4,0.9100525975227356
chjatzdqcl.mp4,0.2284548133611679
chjpflakmt.mp4,0.8924952149391174
chkwjaamct.mp4,0.787274181842804
chlrkevtxa.mp4,0.8837903141975403
chlshvbday.mp4,0.5999135375022888
chmcianbdf.mp4,0.9239894151687622
chmjkdgtyx.mp4,0.35168397426605225
chmomgbvyf.mp4,0.8866652250289917
chmwoofpir.mp4,0.981024444103241
chnbexdyhq.mp4,0.061790239065885544
chnejmuaqs.mp4,0.68294358253479
chnhlsjyxb.mp4,0.915096640586853
chnkxknmbq.mp4,0.7801639437675476
chombbeegs.mp4,0.8323337435722351
choosfntwb.mp4,0.8240565061569214
chowsoaunb.mp4,0.8486945629119873
chpcotzlpx.mp4,0.896699070930481
chppuauksa.mp4,0.10381730645895004
chqleyudul.mp4,0.829006016254425
chsyitbssl.mp4,0.8807876706123352
chtgkrlbek.mp4,0.9664892554283142
chtslmxyax.mp4,0.9383181929588318
chudhiiygb.mp4,0.3176918029785156
chuiqnmuwo.mp4,0.8662577271461487
chujiurbqs.mp4,0.9559301733970642
chukujgyvi.mp4,0.04230856895446777
chupatlkxc.mp4,0.804916262626648
chupyqxggc.mp4,0.8981983661651611
chuqdswyhh.mp4,0.40084680914878845
chwmwqiisa.mp4,0.9619449377059937
chwqafjhkr.mp4,0.4623449444770813
chxbbhvgjh.mp4,0.9462674260139465
chxgwiaujv.mp4,0.7621908187866211
chyfmhbvbi.mp4,0.07799170166254044
chygufblpo.mp4,0.954842746257782
chyxqupfqy.mp4,0.9639725089073181
chzbutmizx.mp4,0.10203664749860764
chzpclvkvg.mp4,0.9317519068717957
ciacypsucq.mp4,0.8795765042304993
ciajjlkqpo.mp4,0.062090061604976654
cibhriqswz.mp4,0.23318541049957275
cidafzafml.mp4,0.06340673565864563
cidhdrfcbe.mp4,0.9179282784461975
cidujokplp.mp4,0.8036591410636902
cieecwrewu.mp4,0.1452142745256424
ciepqxjamz.mp4,0.9761149287223816
ciewuhazfw.mp4,0.7306467890739441
cifsgbnvrx.mp4,0.09068302810192108
cifvbemfhi.mp4,0.4507609009742737
cigchlqmkp.mp4,0.8813897371292114
cihbvwgicn.mp4,0.76804518699646
cihqsivbtq.mp4,0.9519738554954529
cihurvzgbh.mp4,0.9681968092918396
ciijjqsrto.mp4,0.22329676151275635
cijqgyeubp.mp4,0.9137783646583557
cikgroaccw.mp4,0.14070655405521393
cikibrhzja.mp4,0.17793536186218262
cilnawgeah.mp4,0.42898666858673096
cilnlmkzqz.mp4,0.9464302062988281
ciluwvyjbk.mp4,0.923602819442749
cimfjgnans.mp4,0.952701985836029
cimlotvwxy.mp4,0.8882540464401245
cimmouewvu.mp4,0.8308237791061401
cingpunobd.mp4,0.9484411478042603
ciniwjlhit.mp4,0.94509357213974
cinjqeodep.mp4,0.6537370085716248
cinrseylyp.mp4,0.8577567934989929
ciofvmjkdw.mp4,0.8148350119590759
cipbjqtdfa.mp4,0.839053750038147
ciphtizqbs.mp4,0.33545392751693726
cipjezpcti.mp4,0.9644507169723511
ciqrvmazdq.mp4,0.7423941493034363
cisanwqtaq.mp4,0.9475638270378113
cisatzdpcs.mp4,0.03200025111436844
cishdivhvc.mp4,0.9052155613899231
cismesuomc.mp4,0.8528308272361755
cisyhndlli.mp4,0.8827855587005615
cithuwasbk.mp4,0.9899998307228088
citotkokpc.mp4,0.8293523788452148
ciufbwnbko.mp4,0.9223292469978333
ciuwvrkjpy.mp4,0.9046399593353271
civfnvmgog.mp4,0.739349365234375
ciwzwmlyxz.mp4,0.9291381239891052
cixobvpgwk.mp4,0.8916722536087036
cixshbsmix.mp4,0.7946161031723022
cixsuhxaot.mp4,0.8991987109184265
ciypszaqje.mp4,0.7323652505874634
ciyvpljyvt.mp4,0.10458832234144211
cizkoevvax.mp4,0.9170604348182678
cizlladvwf.mp4,0.9130518436431885
cizxmeztny.mp4,0.9111632108688354
cjaiskhrsh.mp4,0.0459209606051445
cjaqstlzkb.mp4,0.9276483654975891
cjbcbkhtni.mp4,0.9746173620223999
cjcneqgjba.mp4,0.8749300837516785
cjfnkuulch.mp4,0.8116101622581482
cjfxvoqehy.mp4,0.926911473274231
cjgmkstamu.mp4,0.038940731436014175
cjgozeokwu.mp4,0.8207265138626099
cjhudarkzv.mp4,0.9386893510818481
cjiwxfwcit.mp4,0.8478217720985413
cjjkfuqaee.mp4,0.9221369624137878
cjkctgykua.mp4,0.9496484398841858
cjldjpzxzb.mp4,0.6834810376167297
cjldpugnxb.mp4,0.9011549353599548
cjmfuasyog.mp4,0.9282076954841614
cjmzyaylfj.mp4,0.970971941947937
cjnfiihawm.mp4,0.9427832961082458
cjorckqkcn.mp4,0.6418663263320923
cjoszlysnr.mp4,0.8742201328277588
cjoxtbrenc.mp4,0.9677955508232117
cjpdbowxbt.mp4,0.9756687879562378
cjpfsoagsm.mp4,0.746801495552063
cjptajsjfh.mp4,0.887284517288208
cjqvoprhav.mp4,0.10450644046068192
cjricjqzwh.mp4,0.7582677602767944
cjrtufpftt.mp4,0.8417231440544128
cjrxquwhtp.mp4,0.8768657445907593
cjrzklaqjt.mp4,0.5391311645507812
cjtdvfiwui.mp4,0.8320844769477844
cjtnjjfqhx.mp4,0.8509854674339294
cjuqcwkxkz.mp4,0.750886857509613
cjuyjjiizm.mp4,0.4426644444465637
cjvauezybx.mp4,0.649895191192627
cjwpszyzar.mp4,0.8272814750671387
cjwyfughav.mp4,0.823681652545929
cjxqxerjer.mp4,0.9588034749031067
cjyqqdurec.mp4,0.10221867263317108
cjzaphxcwi.mp4,0.7499743103981018
ckadtcipgr.mp4,0.3500581383705139
ckbdjpflsu.mp4,0.11508441716432571
ckcsmgxnbr.mp4,0.9898393154144287
ckdamfrafe.mp4,0.05859702453017235
ckechbyzit.mp4,0.97456294298172
ckedkayawm.mp4,0.5118286609649658
ckewjamoaq.mp4,0.5624408721923828
ckfiodyxbq.mp4,0.7282495498657227
ckgabgjnca.mp4,0.14462511241436005
ckgsjlswpm.mp4,0.7810625433921814
ckgtfnhxaw.mp4,0.8835000991821289
ckhiqguxzt.mp4,0.9521323442459106
ckhjteceto.mp4,0.9174979329109192
ckiovbrsdf.mp4,0.9605572819709778
ckjctlogrm.mp4,0.9652003049850464
ckjpnsrkue.mp4,0.8508040904998779
ckkyjknfqa.mp4,0.962695837020874
ckmahvimru.mp4,0.9857594966888428
cknqoxgbru.mp4,0.9208785891532898
ckokvqjebx.mp4,0.922548234462738
ckpkmybeox.mp4,0.9206224083900452
ckpqmqcbms.mp4,0.9328556060791016
ckpzdejlzb.mp4,0.945898711681366
ckqfqernbf.mp4,0.1380431354045868
ckqpzpsnku.mp4,0.6318255066871643
ckreyvmlgz.mp4,0.9707642197608948
ckronlxbzr.mp4,0.7691123485565186
cksfcfaegh.mp4,0.8942210674285889
cksjhegwyq.mp4,0.9040423631668091
cksxlgdxuh.mp4,0.8687308430671692
cktraanpyu.mp4,0.8988057374954224
cktsyobheu.mp4,0.5278090834617615
ckubrpacib.mp4,0.7172623872756958
ckuklkwpkk.mp4,0.8868061304092407
ckuqkzmkyd.mp4,0.9746010303497314
ckuyocuenw.mp4,0.9358178377151489
ckwteckxaq.mp4,0.6782594919204712
ckxeznxxop.mp4,0.9826735258102417
ckxfnwnamq.mp4,0.09510574489831924
ckzxryfjqo.mp4,0.9143862724304199
claloechcd.mp4,0.9527068734169006
clbvotyixd.mp4,0.9258383512496948
clbwuespnm.mp4,0.8102241158485413
clcyaiybyu.mp4,0.8883607983589172
cldcraffvt.mp4,0.5259389877319336
cldzxfpbkj.mp4,0.8664215803146362
clekngdqxa.mp4,0.8491081595420837
clfgoqymlx.mp4,0.8767331838607788
cljaovquzv.mp4,0.5955709218978882
cllpbyfczw.mp4,0.7781172394752502
cllsklblbu.mp4,0.9538024067878723
clmtssvjaf.mp4,0.9618584513664246
clnnqtjnld.mp4,0.559328556060791
clnugjmcva.mp4,0.8080182671546936
clotzdefxi.mp4,0.8456740379333496
clpfdaynyl.mp4,0.939257025718689
clrlpomyhr.mp4,0.8429233431816101
clrxigzbqr.mp4,0.7593986392021179
clssjlgtkp.mp4,0.7156955003738403
cltcgfkyrb.mp4,0.8426811695098877
cltivdolgi.mp4,0.8743951320648193
cltocmrmvu.mp4,0.9611079692840576
cltpibyvfx.mp4,0.7833408713340759
cltzentanu.mp4,0.9508426785469055
clvddrgsab.mp4,0.9477981328964233
clvhyorkei.mp4,0.9295880198478699
clwhicktkw.mp4,0.7972965836524963
clwvkyuyqv.mp4,0.3573359549045563
clxgzkdgta.mp4,0.11145303398370743
clyiowxjxl.mp4,0.9612244367599487
clyqxccszs.mp4,0.04824050888419151
clzcvdsuyp.mp4,0.8949450254440308
clzmxxvlxs.mp4,0.9233190417289734
clzoosrlpp.mp4,0.9003625512123108
clzpxvnaui.mp4,0.9477769136428833
clzsqkrvga.mp4,0.2808660566806793
cmaeplipsz.mp4,0.7818925976753235
cmaislyngh.mp4,0.7906561493873596
cmbeyrzhvr.mp4,0.34343674778938293
cmbkignhjt.mp4,0.8188086152076721
cmbkzxueyi.mp4,0.9415050745010376
cmbloezomc.mp4,0.9268864989280701
cmbrlniexh.mp4,0.14822305738925934
cmcgahdcmo.mp4,0.894498348236084
cmdgmeoloz.mp4,0.8336177468299866
cmdivumlkb.mp4,0.8787477016448975
cmdnbivizp.mp4,0.8187611699104309
cmebjfuvfg.mp4,0.8349164128303528
cmebrzpwbo.mp4,0.9498760104179382
cmfldpsgig.mp4,0.8352926969528198
cmfvltcddo.mp4,0.16795803606510162
cmgmhevsmr.mp4,0.9253597855567932
cmgpkcqhwt.mp4,0.8884360194206238
cmgswxmvlv.mp4,0.9211563467979431
cmgxxmjbhr.mp4,0.9225510954856873
cmibddnytf.mp4,0.9446711540222168
cmieiniplg.mp4,0.9040893316268921
cmirvugxlv.mp4,0.971997857093811
cmjiaqgbuv.mp4,0.9286777377128601
cmkcljpcsp.mp4,0.7523412704467773
cmkigulnas.mp4,0.8858427405357361
cmleyapewy.mp4,0.034697677940130234
cmlkxrufqw.mp4,0.9431599378585815
cmlmcdbwtg.mp4,0.9630172252655029
cmlvgoiwvz.mp4,0.931260347366333
cmmifuinbl.mp4,0.9362245798110962
cmmqqqkpri.mp4,0.9647585153579712
cmnnfymbez.mp4,0.9305877089500427
cmnubbdpnt.mp4,0.8613521456718445
cmoeewkbqv.mp4,0.7486323118209839
cmoqplbifs.mp4,0.9484239220619202
cmoydflohs.mp4,0.7897021770477295
cmpbjkjtks.mp4,0.800831139087677
cmpfjuwyud.mp4,0.905633270740509
cmpkopoabr.mp4,0.6478657126426697
cmplvsxspz.mp4,0.819430410861969
cmpnnbdogx.mp4,0.24208933115005493
cmptloljte.mp4,0.07473552227020264
cmqegbgirh.mp4,0.9410369396209717
cmqrkqlqck.mp4,0.9717536568641663
cmqtagbxou.mp4,0.8361900448799133
cmskrcosbs.mp4,0.9630340337753296
cmsvynguda.mp4,0.6749377846717834
cmtwutvqch.mp4,0.9350773692131042
cmtxuweesh.mp4,0.8770326375961304
cmuzrrlaiy.mp4,0.8542332649230957
cmveqobtaf.mp4,0.05199875310063362
cmvguitoba.mp4,0.8934603333473206
cmvnrjllux.mp4,0.343382328748703
cmvterrdsl.mp4,0.9008472561836243
cmwkhvxthg.mp4,0.8646564483642578
cmwozbaxwb.mp4,0.5145456790924072
cmwxpmbuea.mp4,0.9604682326316833
cmxtwpabsw.mp4,0.9741730690002441
cmyahcrgiv.mp4,0.2896707057952881
cmybfubapj.mp4,0.8096382021903992
cmydgfodof.mp4,0.9736155867576599
cmyvjmgldk.mp4,0.2299317866563797
cmzcojwcbn.mp4,0.8568252921104431
cmzeicaooh.mp4,0.9895899891853333
cnahwlfafy.mp4,0.7147568464279175
cnaifxmdlx.mp4,0.9503978490829468
cnazdwrfur.mp4,0.9750649929046631
cnbkrmhwjc.mp4,0.9409282803535461
cnbtegsjlx.mp4,0.9188028573989868
cncditjduh.mp4,0.43354207277297974
cndpomgvxd.mp4,0.9812420010566711
cnequaglft.mp4,0.7145889401435852
cnfcweqfvl.mp4,0.9000011086463928
cnfidfeyln.mp4,0.890933096408844
cngogfretb.mp4,0.8150610327720642
cnguoshwca.mp4,0.6136195063591003
cnhpwzknts.mp4,0.8241130113601685
cniguenkpg.mp4,0.9241352081298828
cniuvcmuwp.mp4,0.8476926684379578
cnjhnysnft.mp4,0.8538310527801514
cnjlvpzfrg.mp4,0.8215318918228149
cnklpvtzdv.mp4,0.38568589091300964
cnlboybtqk.mp4,0.78423672914505
cnlovaecgh.mp4,0.4091230034828186
cnmdwvuecr.mp4,0.8393718004226685
cnoasvesez.mp4,0.06063630431890488
cnobbyyzoq.mp4,0.8839203715324402
cnowlqxdbx.mp4,0.8791511654853821
cnplpnqrfn.mp4,0.9390299916267395
cnqqzkrgmh.mp4,0.8970606327056885
cnqrnrzzll.mp4,0.845708966255188
cnqsdkwzmn.mp4,0.9364595413208008
cnqwgagcgy.mp4,0.09189609438180923
cnsmgjuxbi.mp4,0.8777331709861755
cnsnofuoiq.mp4,0.9440568685531616
cntorkscyt.mp4,0.936861515045166
cnuhhfeikg.mp4,0.9819564819335938
cnuhjcswso.mp4,0.8174563050270081
cnuvbfpaek.mp4,0.1514378935098648
cnvquynriz.mp4,0.07863694429397583
cnvuwedyis.mp4,0.7276125550270081
cnwiicuofh.mp4,0.7048805356025696
cnycctrbyt.mp4,0.8884974718093872
cnyfzszjoh.mp4,0.09113357961177826
cnyphduocz.mp4,0.870507538318634
cnzlqibzwf.mp4,0.6252365708351135
cnzxvjdwbw.mp4,0.8377560973167419
coacrsvrnl.mp4,0.9118501543998718
coahfvujdv.mp4,0.9560209512710571
coamtllvrf.mp4,0.8663688898086548
cobcvmzdph.mp4,0.9135327339172363
cobowalzix.mp4,0.14100128412246704
cobrcdtekr.mp4,0.3356859087944031
cocxlcbtfz.mp4,0.8564062714576721
codthnumyq.mp4,0.14149793982505798
codynbclja.mp4,0.9275723695755005
cofjvqjkcj.mp4,0.7097177505493164
cofxgrlrpb.mp4,0.9124718904495239
cogcrwzvdb.mp4,0.8880788087844849
cohnfjjaas.mp4,0.9458264708518982
coijxsppdw.mp4,0.9693153500556946
coiqibotbv.mp4,0.922745943069458
cojfnbtfkr.mp4,0.11381197720766068
cojfzsbdkf.mp4,0.1994827687740326
cokcdaizvg.mp4,0.9622079730033875
cokftyhjmk.mp4,0.706317663192749
coklfjtcyt.mp4,0.043641574680805206
comoufohza.mp4,0.9439929127693176
cooarrfjoi.mp4,0.9855826497077942
coptuddcwd.mp4,0.8864284157752991
coqrcakmmx.mp4,0.09486617892980576
corvccyssr.mp4,0.9207172393798828
cosdfmtfwa.mp4,0.3826896548271179
cosfoqobzo.mp4,0.07566386461257935
cotcpetxls.mp4,0.8663018941879272
cotriwoyvq.mp4,0.9174666404724121
cotubmgefn.mp4,0.9015222787857056
cotxffvovx.mp4,0.8606816530227661
couyrcwviy.mp4,0.9167762398719788
cowmhzmvyg.mp4,0.9446477293968201
cowxzlygfo.mp4,0.900922954082489
cozcfuwxip.mp4,0.987429678440094
cozslsoswi.mp4,0.3533795177936554
cozxtycxag.mp4,0.05461990088224411
cpaeucefro.mp4,0.9247263669967651
cpbqwwhrxq.mp4,0.06642204523086548
cpbrauhlcl.mp4,0.951353907585144
cpcecgauub.mp4,0.9389519691467285
cpcnyqoevu.mp4,0.2640478014945984
cpcrcezxqo.mp4,0.06678854674100876
cpctqroarq.mp4,0.9156030416488647
cpcuvixqbn.mp4,0.9254952073097229
cpdlqhbvux.mp4,0.8500369191169739
cpdtroihpl.mp4,0.8388856053352356
cpecqrnxkn.mp4,0.8225789070129395
cpegivsezt.mp4,0.9797922968864441
cpegwviavn.mp4,0.934220016002655
cpekxlmlwa.mp4,0.9856956601142883
cpelglathd.mp4,0.9698042273521423
cpgayhckef.mp4,0.7963729500770569
cpgksamyev.mp4,0.8189951181411743
cpgmeuhbtk.mp4,0.7617987394332886
cpgtztewxf.mp4,0.8739391565322876
cphwzddoiy.mp4,0.8245095014572144
cpijvkgxvy.mp4,0.9363055229187012
cpixrjvxjn.mp4,0.9661165475845337
cpjiflbqbo.mp4,0.15862852334976196
cpkbrjijpt.mp4,0.6930413842201233
cpkeyidusc.mp4,0.10304504632949829
cpkpfdwfmb.mp4,0.05947396531701088
cpkyabfzlc.mp4,0.8857467770576477
cplkdbfpxj.mp4,0.939592182636261
cplqsrsnyr.mp4,0.8990304470062256
cpmgnsrogr.mp4,0.8719385862350464
cpmqxchnmg.mp4,0.9520536065101624
cpmridjxbc.mp4,0.05167550966143608
cpmswmgiqr.mp4,0.9701195955276489
cpmvsuixwn.mp4,0.08815839886665344
cpnlmkmmdh.mp4,0.47766923904418945
cpnpmgzqvv.mp4,0.741881251335144
cppaigkyae.mp4,0.8934657573699951
cppztnbtvs.mp4,0.9650349020957947
cpqaiqrblo.mp4,0.9258221387863159
cprbzixvdu.mp4,0.9891427755355835
cprdwtsorp.mp4,0.2908243238925934
cprktvyrlw.mp4,0.8600594997406006
cprmmgasmm.mp4,0.8558712005615234
cpsmnqhsck.mp4,0.7493835687637329
cpszgjiwdh.mp4,0.8810994029045105
cptemwefma.mp4,0.9292342662811279
cpthtjqwjg.mp4,0.9682840704917908
cpucjmfawf.mp4,0.29936835169792175
cpvbjfhbph.mp4,0.11849968135356903
cpvlmfudwa.mp4,0.6607187986373901
cpwgofevvo.mp4,0.8981969952583313
cpwovkauzj.mp4,0.13914282619953156
cpwyqbacrt.mp4,0.821607232093811
cpxbnzuafp.mp4,0.07523418962955475
cpxkrtypkz.mp4,0.8195118308067322
cpxlmsatst.mp4,0.9359219670295715
cpycvtmtuo.mp4,0.320793092250824
cpynfxglzc.mp4,0.6069183945655823
cpyqtpzmtr.mp4,0.9378708600997925
cpzazvweaq.mp4,0.8980864882469177
cpzncpzzwa.mp4,0.1302003562450409
cqamutjreg.mp4,0.9247138500213623
cqbjqtmqvj.mp4,0.9291391372680664
cqbodtkxiw.mp4,0.6867864727973938
cqbtboxqzb.mp4,0.9361683130264282
cqbxgessxh.mp4,0.08806256204843521
cqclibqbwz.mp4,0.3846918046474457
cqcqgggpml.mp4,0.84721440076828
cqdnnweluw.mp4,0.8585694432258606
cqdxzxirqw.mp4,0.695153534412384
cqdyheoqhn.mp4,0.9789252877235413
cqegquwdda.mp4,0.9663375020027161
cqemqttubw.mp4,0.3639257550239563
cqeuyhnqft.mp4,0.8938199877738953
cqewayywpg.mp4,0.09936637431383133
cqfzfuxvyw.mp4,0.03856508433818817
cqgdtrywmy.mp4,0.17408758401870728
cqgfbxpkuj.mp4,0.3335532248020172
cqgsacster.mp4,0.7668137550354004
cqgzckbimc.mp4,0.6718657612800598
cqinqrcvse.mp4,0.4737423062324524
cqiscqrtlw.mp4,0.5707037448883057
cqiyijvrcj.mp4,0.9272986054420471
cqkarxqzxx.mp4,0.40416938066482544
cqkfihwvvr.mp4,0.6786676645278931
cqkftuhhza.mp4,0.8976939916610718
cqklyqnfer.mp4,0.8752182722091675
cqljnmuloq.mp4,0.8948346376419067
cqlwckvaeb.mp4,0.9664447903633118
cqmhxvdkuo.mp4,0.33553144335746765
cqmmgxqjtf.mp4,0.3696657419204712
cqmwyzpikk.mp4,0.653714656829834
cqnbolqdhe.mp4,0.9547794461250305
cqntibhkbq.mp4,0.09896963089704514
cqnutosgsm.mp4,0.8769592642784119
cqnwfpglna.mp4,0.8208808898925781
cqogueyphy.mp4,0.6588825583457947
cqojknfuus.mp4,0.3398193120956421
cqoqzojnzo.mp4,0.6928972005844116
cqpjedhvoz.mp4,0.15441250801086426
cqpoanrjak.mp4,0.9399428963661194
cqqvqkryoe.mp4,0.9593321681022644
cqrxhsuqqq.mp4,0.719907283782959
cqshmiarqg.mp4,0.9700366258621216
cqskjazxwc.mp4,0.9582399129867554
cqsmuftgep.mp4,0.8735529184341431
cqtaofqvtl.mp4,0.932964563369751
cqtikmpave.mp4,0.8776705861091614
cqtozexihz.mp4,0.8583410978317261
cqttsbnsag.mp4,0.813961923122406
cqtwjlhsgl.mp4,0.8818719387054443
cquhouhgoc.mp4,0.7885419130325317
cquwxluokz.mp4,0.9504719376564026
cqvancueff.mp4,0.9546188712120056
cqvglgkzui.mp4,0.9318041205406189
cqvndapzgg.mp4,0.4513632655143738
cqwpquwxid.mp4,0.224578395485878
cqxkqqscrm.mp4,0.9583941102027893
cqxqzzfrox.mp4,0.6798585057258606
cqyowzdfdd.mp4,0.6540816426277161
cqzkjylvwz.mp4,0.6964707374572754
cracconkyr.mp4,0.2539536952972412
crbcrxqftw.mp4,0.5992948412895203
crbeedzivm.mp4,0.8614539504051208
crbjylbwlc.mp4,0.6113144159317017
crbspiybxp.mp4,0.8294053673744202
crcnhvsixi.mp4,0.06721851974725723
crcwhjdwhy.mp4,0.4395461678504944
crdehzludu.mp4,0.5712721347808838
crdhketdoh.mp4,0.06074441969394684
crdtvzbluw.mp4,0.914770781993866
creplotjfu.mp4,0.0976947769522667
crevnrhhxu.mp4,0.8810750842094421
crfmxlbnbd.mp4,0.5166250467300415
crfnqdprte.mp4,0.18178017437458038
crfyvirnma.mp4,0.9436839818954468
crgeyrdfxk.mp4,0.7238520979881287
crhjwwgtef.mp4,0.9063113331794739
crhkipauyk.mp4,0.07465952634811401
crilhpdoez.mp4,0.931896984577179
crisotkdmh.mp4,0.8139137625694275
crjlenlhek.mp4,0.9058592915534973
crkjzvzyzb.mp4,0.8696613311767578
crlbzncobq.mp4,0.3993498384952545
crllsfqiul.mp4,0.6431055068969727
crlphqtqnq.mp4,0.9408782124519348
crmwccddrb.mp4,0.5928913354873657
crnfdbnpjz.mp4,0.9124673008918762
crnhcygnjj.mp4,0.6444547176361084
crnjzofvaf.mp4,0.8012248277664185
crnnkjvdmt.mp4,0.4392903745174408
crnwdznwcx.mp4,0.8386548757553101
crocgecwna.mp4,0.9208567142486572
crooqcjlqc.mp4,0.07040609419345856
crotumbywg.mp4,0.9771960377693176
crplxxbnkm.mp4,0.9473271369934082
crpmgqavlf.mp4,0.8770935535430908
crpmskycub.mp4,0.843000590801239
crqhicfshq.mp4,0.29374054074287415
crrthxtrth.mp4,0.677677571773529
crsdkuimiu.mp4,0.8996239304542542
crsfsmblkf.mp4,0.8782227635383606
crtfokolyw.mp4,0.4455113410949707
crtvtlmchf.mp4,0.8487020134925842
crubhecwnk.mp4,0.08889711648225784
cruhcatywp.mp4,0.33549776673316956
crumzbcdoq.mp4,0.976449728012085
crvotfojeq.mp4,0.7400814890861511
crvvtpydtx.mp4,0.8861486315727234
crwkoeoxfi.mp4,0.9484577775001526
crwzuxqezo.mp4,0.873328447341919
cryqrsysbf.mp4,0.8683380484580994
crytsyqpyl.mp4,0.9432551860809326
crzrsezocr.mp4,0.96421879529953
crzzbqlhfj.mp4,0.8804295659065247
crzzzxzvtw.mp4,0.9897766709327698
csagttjlqt.mp4,0.7120472192764282
csahmhbavq.mp4,0.8618727326393127
csauiuajcs.mp4,0.09189395606517792
csbhsossva.mp4,0.9064261317253113
csbmiqaidp.mp4,0.9826321005821228
cscdlfidfj.mp4,0.9462695717811584
cscwdukujx.mp4,0.2987900376319885
csdcnwbwiu.mp4,0.33643972873687744
csdkogcust.mp4,0.7687833309173584
csdrwieihk.mp4,0.32698357105255127
csdzjehwbf.mp4,0.8533622622489929
csefroivib.mp4,0.7026644349098206
cseqwtcwdl.mp4,0.9340084195137024
csetzcnezn.mp4,0.7412536144256592
csfixqpjhw.mp4,0.9492164850234985
csflmeggme.mp4,0.07493402808904648
csfoaeqqdu.mp4,0.05062606558203697
csfsskknsh.mp4,0.8961979150772095
csfssvnwsp.mp4,0.603092610836029
csgnemklmq.mp4,0.5334355235099792
cshhakbofs.mp4,0.08882464468479156
cshxowxrfl.mp4,0.9883893132209778
csikbraapk.mp4,0.8560516238212585
csjeiievqq.mp4,0.6267435550689697
csjpfrogyp.mp4,0.07222875207662582
cslceaskvo.mp4,0.8996906876564026
cslfapvyjv.mp4,0.07107818126678467
cslmdbmlzk.mp4,0.06529559195041656
csmiexvtfh.mp4,0.7791230082511902
csmrqvgsrk.mp4,0.9520931839942932
csmsrngjrm.mp4,0.9803761839866638
csollwjhrx.mp4,0.6411434412002563
csoxekulpu.mp4,0.9523226618766785
csozifgqcx.mp4,0.8615084886550903
csozphfidv.mp4,0.2668814957141876
csplgefkgx.mp4,0.06493600457906723
cspnpyohxu.mp4,0.9074863195419312
csptvrxfap.mp4,0.513629674911499
csqbebvoxt.mp4,0.05293510481715202
csqsdmrctj.mp4,0.07907390594482422
csqsxsjrnp.mp4,0.7948558926582336
csraeqynwd.mp4,0.9793479442596436
csremuoyna.mp4,0.8437946438789368
csrqbscgxz.mp4,0.9589211940765381
csrqlmzjph.mp4,0.9185154438018799
csrsxklgle.mp4,0.8587125539779663
csrzijbfda.mp4,0.9326367974281311
cstkcclhdc.mp4,0.6891975402832031
cstzexdcbw.mp4,0.9602048397064209
csuaztyjjt.mp4,0.9072216153144836
csuwuruutx.mp4,0.9158939123153687
csvflnmkvh.mp4,0.9323344230651855
csvggiwfey.mp4,0.8772271871566772
cswajdmqyx.mp4,0.9495439529418945
cswhwudpzk.mp4,0.15608350932598114
csxjcoesqt.mp4,0.9257873892784119
csxjoirhtw.mp4,0.9430180788040161
csxksuzkhm.mp4,0.9626666903495789
csxymovdqx.mp4,0.7924705147743225
cszdcuibjt.mp4,0.8296232223510742
cszvjqvmed.mp4,0.8953421711921692
ctarrlrgdy.mp4,0.8250490427017212
ctavqrrmgv.mp4,0.8834782242774963
ctawiyhhzf.mp4,0.15864701569080353
ctbvhwpvhy.mp4,0.9131786823272705
ctccuizjur.mp4,0.920089066028595
ctchthbojs.mp4,0.8896467089653015
ctchulwwxm.mp4,0.6351686120033264
ctclbnlclm.mp4,0.09624599665403366
ctcozenfll.mp4,0.07925347983837128
ctdetnpcny.mp4,0.9604489803314209
ctdwkvfsmp.mp4,0.8045267462730408
ctdwtfcjei.mp4,0.179117351770401
ctdzrkqorp.mp4,0.9011702537536621
cteqlloxwu.mp4,0.07862532883882523
cteungyauw.mp4,0.9283406734466553
ctexjdufex.mp4,0.6618574261665344
ctfegjuydq.mp4,0.769008219242096
ctfvpczuea.mp4,0.14110706746578217
ctibxwjesk.mp4,0.19021159410476685
ctidqluhtj.mp4,0.9477360844612122
ctiyalwbsv.mp4,0.9069353342056274
ctjcicttwr.mp4,0.8899550437927246
ctjepwqiul.mp4,0.8920658230781555
ctjqfwivhb.mp4,0.8787537813186646
ctjuwaprck.mp4,0.9588589072227478
ctkopczrhm.mp4,0.8623157739639282
ctkwuprdsl.mp4,0.1475411355495453
ctlmkrjmut.mp4,0.9580212235450745
ctlwouvozz.mp4,0.80759197473526
ctmqwwpdnc.mp4,0.894412100315094
ctmzprtrhs.mp4,0.9051125049591064
ctnbxsceln.mp4,0.9170785546302795
ctnneaxztc.mp4,0.15630313754081726
ctnupbsabf.mp4,0.9887367486953735
ctojcitnpn.mp4,0.38323870301246643
ctopurgfgx.mp4,0.690034806728363
ctouemisne.mp4,0.6240131258964539
ctowvrmazl.mp4,0.893413245677948
ctozwusfxb.mp4,0.9500472545623779
ctpaahkfdc.mp4,0.894025981426239
ctpexqamtx.mp4,0.9593527913093567
ctpypmzfnl.mp4,0.04887702316045761
ctqjnsvrvk.mp4,0.9628300666809082
ctrengqlqk.mp4,0.8738922476768494
ctrodwqvjx.mp4,0.35503092408180237
ctsdittcdz.mp4,0.9348151683807373
ctsjalmkpx.mp4,0.980139434337616
cttbevkbhr.mp4,0.8859991431236267
ctvnkjdxoz.mp4,0.8583959937095642
ctxhjpebsl.mp4,0.9248384833335876
ctyhaquawh.mp4,0.8709589242935181
ctzextgily.mp4,0.8601512312889099
ctzidpuxqo.mp4,0.9065590500831604
ctzknhuffj.mp4,0.0638863667845726
ctzvhowbhr.mp4,0.8150002360343933
ctzzytwvpi.mp4,0.7052420973777771
cualykjhoa.mp4,0.917998194694519
cubernsric.mp4,0.8380562663078308
cubidebbwb.mp4,0.8953235745429993
cubudyesmd.mp4,0.9335241317749023
cubuvjbojg.mp4,0.9255948662757874
cubyoldoos.mp4,0.8745777010917664
cucnhxbrrz.mp4,0.06823525577783585
cudjeshfcw.mp4,0.8656696677207947
cudqwytasr.mp4,0.65496826171875
cueivytkwb.mp4,0.7651842832565308
cuerkhzuum.mp4,0.8595829010009766
cuewtjauyi.mp4,0.9311332106590271
cufgfduips.mp4,0.7462235689163208
cufipbigrt.mp4,0.8676292300224304
cufpjxwbjt.mp4,0.8616989850997925
cufwpbfhwc.mp4,0.835825502872467
cugbtwdurl.mp4,0.64329594373703
cugifqjqto.mp4,0.06408625841140747
cuinqgwczx.mp4,0.8112324476242065
cujqbmziws.mp4,0.846969485282898
cukedccddh.mp4,0.9315457344055176
cukgevrxhx.mp4,0.7164208889007568
cukqowdaey.mp4,0.9201406240463257
cukwoecmmq.mp4,0.8682531714439392
cukyihsryf.mp4,0.9160642027854919
culqnykaue.mp4,0.43071967363357544
cumgkxsjgz.mp4,0.7028864622116089
cumhonvwlg.mp4,0.9655763506889343
cumrfsvpri.mp4,0.08092168718576431
cunannjawe.mp4,0.7808075547218323
cuobzceakk.mp4,0.9388239979743958
cuovwgibgk.mp4,0.8246554732322693
cupmtmedsc.mp4,0.1168651208281517
cupqbscadr.mp4,0.7326751947402954
cupujkcxwr.mp4,0.8063778281211853
curoyzlzbr.mp4,0.9606217741966248
curyxptmtx.mp4,0.446611613035202
cuslsmkwpx.mp4,0.9406341910362244
cusnretedj.mp4,0.8676881790161133
cuuspjotwf.mp4,0.8253170251846313
cuuvswxxek.mp4,0.9600163698196411
cuuyarnbhw.mp4,0.7498504519462585
cuvihcqjej.mp4,0.7548691034317017
cuxaxdgtkr.mp4,0.9062445163726807
cuxhekncql.mp4,0.44782164692878723
cuxlufcotk.mp4,0.8689684271812439
cuycsnvhfq.mp4,0.6021806597709656
cuyigebxzv.mp4,0.8900904655456543
cuzbvoqeff.mp4,0.9525641798973083
cvaeexwlkk.mp4,0.9299566745758057
cvallwyhed.mp4,0.9519274830818176
cvbebdokcr.mp4,0.928235650062561
cvbjxpwoie.mp4,0.7220375537872314
cvbubcwkkl.mp4,0.08067426085472107
cvcsmrjjbi.mp4,0.9619773626327515
cvcznehtwl.mp4,0.8100800514221191
cvdpjordgi.mp4,0.8750559687614441
cveehypkla.mp4,0.9569942355155945
cvepfgpobe.mp4,0.9535836577415466
cvesotrbwj.mp4,0.9539880156517029
cvfbxmteyv.mp4,0.8422344326972961
cvgbmvjnds.mp4,0.8958410024642944
cvhgdhteev.mp4,0.30583277344703674
cvhmdigame.mp4,0.9173944592475891
cvibusznso.mp4,0.056888189166784286
cvickaqyxn.mp4,0.9184654951095581
cvicohmags.mp4,0.05467761680483818
cvixicyuon.mp4,0.9899999499320984
cviyjsusie.mp4,0.7346600890159607
cvjcxhzjqq.mp4,0.5491887331008911
cvjtaxyhed.mp4,0.7076528072357178
cvlmosigys.mp4,0.5914918780326843
cvmerrznwg.mp4,0.6233513355255127
cvmmtklgst.mp4,0.5965605974197388
cvmofrwdcz.mp4,0.054039862006902695
cvnusiwohr.mp4,0.35961252450942993
cvoikrdglc.mp4,0.9143805503845215
cvousgnasq.mp4,0.8394110798835754
cvqbppiabu.mp4,0.8799997568130493
cvqgrezhur.mp4,0.8682355284690857
cvrtjvwvqg.mp4,0.9576358795166016
cvrzdywcth.mp4,0.6664721369743347
cvsftmwnnh.mp4,0.9881230592727661
cvsobewhsk.mp4,0.8512442111968994
cvtklxtdrd.mp4,0.9429160952568054
cvtogeuiqd.mp4,0.921151340007782
cvtwlzgzne.mp4,0.13072122633457184
cvvabkmusu.mp4,0.7044146656990051
cvvnebbktm.mp4,0.7589322328567505
cvvtpdnajw.mp4,0.9441009163856506
cvvwrjubjv.mp4,0.8469783663749695
cvwfocfmpb.mp4,0.8987385034561157
cvxuswbzmq.mp4,0.913435697555542
cvyenririk.mp4,0.08703017979860306
cvyrfhetrx.mp4,0.7172887325286865
cvywcvnytv.mp4,0.6026708483695984
cvzsiudpyx.mp4,0.9015473127365112
cwbgztanym.mp4,0.1760091632604599
cwbincavby.mp4,0.8771490454673767
cwcdlmovnm.mp4,0.876209557056427
cwcwgibsgo.mp4,0.22468705475330353
cwdzddbqyi.mp4,0.9343745708465576
cwhibklyle.mp4,0.7294119596481323
cwhitukhlh.mp4,0.9824590682983398
cwhmodncwy.mp4,0.8469834923744202
cwhocpcoqq.mp4,0.9167219996452332
cwixfnvhmn.mp4,0.9525324106216431
cwjguxtovt.mp4,0.04809575527906418
cwjovizmhq.mp4,0.5
cwjqtcdmoe.mp4,0.8373329043388367
cwjvrpudbb.mp4,0.879423201084137
cwkiapvkwg.mp4,0.8790688514709473
cwkiiyezzg.mp4,0.45847204327583313
cwlkfmhlox.mp4,0.30134332180023193
cwlkqoxzee.mp4,0.9291422963142395
cwltsdyued.mp4,0.9625719785690308
cwlxxhemsd.mp4,0.9531625509262085
cwmidyiqvl.mp4,0.8498566746711731
cwmjhyvfcv.mp4,0.9841461777687073
cwmqvgihtt.mp4,0.2025374323129654
cwmrhkeqsm.mp4,0.9659322500228882
cwmwbryhqx.mp4,0.9421652555465698
cwnnhwqhpu.mp4,0.9067014455795288
cwoiryhauz.mp4,0.9050758481025696
cwovrcucqo.mp4,0.058315157890319824
cwqhzuhjol.mp4,0.051068540662527084
cwqwhvjaul.mp4,0.8372738361358643
cwrtvtyanu.mp4,0.7450295090675354
cwruaywtvb.mp4,0.09445863217115402
cwsdeasldr.mp4,0.9175146818161011
cwsgfhdizj.mp4,0.7694915533065796
cwsktcqrzf.mp4,0.16080830991268158
cwsrozctrk.mp4,0.9778863191604614
cwstdobzfg.mp4,0.9630913138389587
cwszhupzre.mp4,0.8837423324584961
cwtgddlhby.mp4,0.16967856884002686
cwtmswdzww.mp4,0.9368447661399841
cwtqzovbba.mp4,0.9785388708114624
cwtsuxyhea.mp4,0.9330340027809143
cwtxqxuvlc.mp4,0.6784080266952515
cwupoiihky.mp4,0.9557639360427856
cwvpjumhbg.mp4,0.980167031288147
cwvtgzizxw.mp4,0.9632450342178345
cwwgsnejua.mp4,0.9144682288169861
cwwnlfahfx.mp4,0.9105471968650818
cwwqaazswi.mp4,0.8475514054298401
cwxrlwltie.mp4,0.08360132575035095
cwyslgvsmr.mp4,0.5112971067428589
cwzgdnkite.mp4,0.870833694934845
cwzyzxjmfh.mp4,0.9807083606719971
cwzzqzmblh.mp4,0.8696839809417725
cxacbzdokf.mp4,0.05291752889752388
cxajnkqjkq.mp4,0.4409778118133545
cxajobdgrv.mp4,0.9787482023239136
cxatnnpeyo.mp4,0.8966166973114014
cxbimcvejo.mp4,0.9611926674842834
cxbsalbmst.mp4,0.9170423150062561
cxcesxkunc.mp4,0.9221583604812622
cxcopmaqcx.mp4,0.9344133138656616
cxeopypcfd.mp4,0.931851863861084
cxepagsvia.mp4,0.9192753434181213
cxevdilqjh.mp4,0.37830206751823425
cxeyiytudt.mp4,0.8533855676651001
cxeziknbpr.mp4,0.6456760764122009
cxfyrqbrji.mp4,0.9715439677238464
cxgdlbmeqy.mp4,0.7801647186279297
cxgdmvuxjc.mp4,0.987613320350647
cxgrlduslk.mp4,0.9891933798789978
cxguvyaque.mp4,0.12982824444770813
cxhcdctspt.mp4,0.802628219127655
cxieibifyj.mp4,0.5147925019264221
cxiephiblg.mp4,0.9592801332473755
cxigoqsdoo.mp4,0.9601335525512695
cxiurodzsg.mp4,0.8598532676696777
cxjiyyhcvg.mp4,0.8603500127792358
cxjpzucdse.mp4,0.9469053745269775
cxjsxgirny.mp4,0.9507014751434326
cxjwmxsgjv.mp4,0.6961504220962524
cxlkfsyfvb.mp4,0.09848268330097198
cxngkbtdek.mp4,0.0612243227660656
cxnoxemydo.mp4,0.8895384669303894
cxogiwyldp.mp4,0.8807562589645386
cxohfdhkkq.mp4,0.7849603891372681
cxojlakmoj.mp4,0.9666948318481445
cxopoojmmo.mp4,0.903733491897583
cxpmdgntdl.mp4,0.9546815752983093
cxptpzqfnf.mp4,0.059934351593256
cxqhrnxgvd.mp4,0.9100136756896973
cxrncthuby.mp4,0.07938060164451599
cxroabhzxu.mp4,0.8191690444946289
cxrooetoay.mp4,0.9025046825408936
cxrstzfsuy.mp4,0.03094489686191082
cxsekvffny.mp4,0.6912702918052673
cxsnzkabaa.mp4,0.9234388470649719
cxsxwxcstd.mp4,0.9347585439682007
cxszdyotss.mp4,0.9440904855728149
cxthlqeseq.mp4,0.3214070498943329
cxtodzawmj.mp4,0.9714604020118713
cxuvzmrisu.mp4,0.7896028757095337
cxvayntesu.mp4,0.08801259845495224
cxvctggwxi.mp4,0.27849385142326355
cxvgbzsijg.mp4,0.8729199171066284
cxvqurbsev.mp4,0.9366342425346375
cxvwreuyuz.mp4,0.6269556283950806
cxxhhwykme.mp4,0.9317964315414429
cxxyvegmxm.mp4,0.4611906409263611
cxyizzufss.mp4,0.7943485975265503
cxyqglsyyx.mp4,0.9309176802635193
cxyvoffxcv.mp4,0.8682259917259216
cxzdbwctfx.mp4,0.511775553226471
cyafkadnnw.mp4,0.0940699651837349
cyavflusgb.mp4,0.5730592608451843
cyavimfiex.mp4,0.5163390040397644
cybetknayd.mp4,0.9028348922729492
cybfrdydog.mp4,0.9467210173606873
cybvkcmdgl.mp4,0.10051843523979187
cyckgyxtxi.mp4,0.535025954246521
cydneakcyh.mp4,0.9596254229545593
cydsglobim.mp4,0.9683317542076111
cyeiqwpyxo.mp4,0.6279524564743042
cyfaiicytj.mp4,0.9290639758110046
cyfaimpqvv.mp4,0.1551792323589325
cyfgzhxmdo.mp4,0.93753582239151
cyfjdftqxg.mp4,0.9329994320869446
cyglumtcmz.mp4,0.2340492159128189
cyhefjhsko.mp4,0.9686464071273804
cyhmklcvkd.mp4,0.8971277475357056
cyhpyggvsq.mp4,0.9752931594848633
cyjcfkdjgp.mp4,0.9259797930717468
cyjrsnjizj.mp4,0.8693386912345886
cykylxfjrb.mp4,0.9429267644882202
cymktmzosb.mp4,0.7007057070732117
cynqzgnnkd.mp4,0.9229518175125122
cynrqvpahp.mp4,0.48857030272483826
cyokqrzbol.mp4,0.969838559627533
cypejmkvjc.mp4,0.7072435021400452
cypzxddmmk.mp4,0.8490212559700012
cyqhzdxgrk.mp4,0.9616361260414124
cyqqtpkazm.mp4,0.9422112107276917
cyqrdjfqfp.mp4,0.9502215385437012
cyqsfqlbgp.mp4,0.9321298003196716
cyrmhszohp.mp4,0.933769166469574
cyrnxncxif.mp4,0.9285123944282532
cyucijsqiw.mp4,0.6315290927886963
cyudfgcsbh.mp4,0.7337835431098938
cyvjigpbao.mp4,0.7281333804130554
cyvrbnzomt.mp4,0.957082986831665
cyvwarfocs.mp4,0.8999343514442444
cywebjaezn.mp4,0.06894449889659882
cyxhaypqzs.mp4,0.8359634876251221
cyxhjuflrs.mp4,0.23665973544120789
cyxtasgppy.mp4,0.09046272933483124
cyxzkgsafw.mp4,0.14866772294044495
cyyqtralcn.mp4,0.9044864773750305
cyzaecgzji.mp4,0.8944945931434631
czbsjdjmlq.mp4,0.896736204624176
czcbegjurf.mp4,0.5498415231704712
czddwifbwy.mp4,0.5804238319396973
czdipdvsft.mp4,0.3140794336795807
czffoviacf.mp4,0.7650694847106934
czftcuzylj.mp4,0.9159439206123352
czfvgsiezr.mp4,0.8569509983062744
czgzxzzvfg.mp4,0.9580816030502319
czhddzphpn.mp4,0.8319212198257446
czirapruub.mp4,0.47289925813674927
czixqjgyck.mp4,0.07387665659189224
czjjlhcdaf.mp4,0.9423053860664368
czjmqasuys.mp4,0.9040096998214722
czjyavzouv.mp4,0.9119077324867249
czkgavlmdr.mp4,0.2308291643857956
czkmptcbfr.mp4,0.8046337366104126
czkwwkzpyx.mp4,0.8467382788658142
czlanpxaoq.mp4,0.8721789121627808
czldstijav.mp4,0.8189874291419983
czlfmczgfs.mp4,0.08125628530979156
cznweqvrog.mp4,0.9088584780693054
czobhnafne.mp4,0.9640607833862305
czofuhtjvw.mp4,0.9818545579910278
czpfqlacbh.mp4,0.9553303122520447
czpgezpcrt.mp4,0.8716866970062256
czqsbhaceo.mp4,0.636716365814209
czquwucvls.mp4,0.8768647909164429
czrhylrxtc.mp4,0.05106884241104126
czspkzxynw.mp4,0.9346766471862793
cztqkbxnzr.mp4,0.9634270071983337
czvafigkpt.mp4,0.06574297696352005
czvkzoewhw.mp4,0.9311851859092712
czvwaeigfa.mp4,0.33258897066116333
czxtlccmnm.mp4,0.8393526077270508
czxuxqxdzr.mp4,0.9062452912330627
czygbspvwr.mp4,0.06810029596090317
czygnxlbjc.mp4,0.5337739586830139
czyhqhvccy.mp4,0.9092007875442505
czylfgmknr.mp4,0.9159597158432007
czyllxdlzo.mp4,0.5666949152946472
czzesconay.mp4,0.9248769283294678
dabecadkih.mp4,0.8942468762397766
dabgyrgsmq.mp4,0.9258127808570862
dabimeamvb.mp4,0.740497887134552
dacipjinby.mp4,0.8653509616851807
dadafcvbky.mp4,0.9276880621910095
dadkezptce.mp4,0.9794647097587585
dadoqbxlso.mp4,0.923190176486969
dadrotzwag.mp4,0.8611913323402405
dagcolpmki.mp4,0.0829475000500679
dagcrdgape.mp4,0.08099815249443054
dagerloolt.mp4,0.955354630947113
daghsascso.mp4,0.8622806072235107
dagmnvkeeg.mp4,0.9413253664970398
dagnyzbyvf.mp4,0.9245336055755615
dagtaiqtnd.mp4,0.8015636801719666
dailocwlfc.mp4,0.8955015540122986
daimottkty.mp4,0.07557417452335358
daisdfsvkt.mp4,0.8643139600753784
daiwuxoium.mp4,0.959919273853302
dajcyskjxs.mp4,0.8580984473228455
dajlkmlvch.mp4,0.9056935906410217
dakgcjvwgg.mp4,0.9528427124023438
dakqqwnrmp.mp4,0.19514256715774536
dalkdjprwa.mp4,0.8371609449386597
dalqfujoxh.mp4,0.0871579721570015
dalxcpgfym.mp4,0.5117857456207275
dalynxygrs.mp4,0.9839083552360535
damibfwqrr.mp4,0.049470651894807816
damjizgilg.mp4,0.5424008369445801
damwvewpft.mp4,0.9555742740631104
danafqnhho.mp4,0.6359543800354004
danqvbizlv.mp4,0.6247545480728149
danseoxojf.mp4,0.7965663075447083
danuecrfoy.mp4,0.9266876578330994
danxziqhbj.mp4,0.7581818699836731
daoacyzjae.mp4,0.5
daojzrtlbh.mp4,0.8519032597541809
daoqftnvgp.mp4,0.8545246124267578
dapvpkfack.mp4,0.05975412577390671
daqbetniep.mp4,0.9166338443756104
darajozjnx.mp4,0.897171676158905
darxqfiash.mp4,0.139252707362175
dasikdoalw.mp4,0.23065416514873505
dasivprjjm.mp4,0.2703329920768738
dasprsensp.mp4,0.24292723834514618
dathymnzrv.mp4,0.6873078942298889
dauiheqtqt.mp4,0.5415271520614624
daukofinwi.mp4,0.8734689950942993
dauxqdsrta.mp4,0.8435112833976746
dawquhngxn.mp4,0.7187034487724304
dazcqddmah.mp4,0.3622221052646637
dazmitzpls.mp4,0.5888078212738037
dazseswwpp.mp4,0.8917141556739807
dbahlxpfkm.mp4,0.9244888424873352
dbajaaprln.mp4,0.9501341581344604
dbauiiupef.mp4,0.5163605213165283
dbbbhusgnt.mp4,0.33050936460494995
dbbefxhmfk.mp4,0.7911780476570129
dbbvpyzdsv.mp4,0.05942846089601517
dbckbkktch.mp4,0.21635812520980835
dbdoggoocx.mp4,0.9142987132072449
dbeouqereh.mp4,0.9480461478233337
dbgdvoqjrs.mp4,0.9404799938201904
dbgknmtfbf.mp4,0.9561452865600586
dbgvpwesbv.mp4,0.3238261640071869
dbhehpfump.mp4,0.0926675945520401
dbhprzhroy.mp4,0.04352366924285889
dbixwxtuxs.mp4,0.06984050571918488
dbjeddgjgs.mp4,0.0695049837231636
dbkmmswqfg.mp4,0.42663848400115967
dbkrfxlell.mp4,0.947722315788269
dbkximjyaw.mp4,0.8730005025863647
dblcsugamc.mp4,0.963269054889679
dblhswzedj.mp4,0.9617891311645508
dbljnexmlf.mp4,0.8700191378593445
dbmaspujld.mp4,0.9096258878707886
dbmbkijkmk.mp4,0.09403353929519653
dbmlazkbll.mp4,0.924439549446106
dbmrufysdj.mp4,0.9390904903411865
dbnggnoozm.mp4,0.9146199822425842
dbobbvqmkr.mp4,0.6543223261833191
dbogzmnzlt.mp4,0.7799849510192871
dbpcjeeaui.mp4,0.09675699472427368
dbpfptzhiw.mp4,0.0457829125225544
dbpzdrpogs.mp4,0.9436038732528687
dbqbbonwjt.mp4,0.969201922416687
dbqbwrcvjk.mp4,0.314318984746933
dbqcfvuugb.mp4,0.9616190195083618
dbqtnfwwle.mp4,0.9113671779632568
dbqyiobgnx.mp4,0.8913858532905579
dbrnckvpjv.mp4,0.9880441427230835
dbsxlxitgm.mp4,0.0604432113468647
dbthqamhyz.mp4,0.9691402316093445
dbvdymdpym.mp4,0.16569101810455322
dbvjdiyqrb.mp4,0.31517937779426575
dbvvehcocv.mp4,0.8889038562774658
dbwydfwtip.mp4,0.6876477599143982
dbxpzfbhsn.mp4,0.8679458498954773
dbyordqnut.mp4,0.9463506937026978
dbyyuizpvr.mp4,0.9512115120887756
dcadwqahtn.mp4,0.5186294913291931
dcadxbcfng.mp4,0.04217533394694328
dcawsogoet.mp4,0.9665003418922424
dcazaskuka.mp4,0.6816070675849915
dcbbeqmvuk.mp4,0.8429681062698364
dcbuzzqnof.mp4,0.8008984327316284
dcddcsmeyi.mp4,0.16842393577098846
dcekkkxnfx.mp4,0.952444314956665
dcekxwervb.mp4,0.9682177305221558
dceycqcznl.mp4,0.9507496953010559
dcgaqywrfn.mp4,0.9018344879150391
dcgnumdfoq.mp4,0.6086271405220032
dcgzckukcv.mp4,0.9244784116744995
dcjfueishg.mp4,0.32047274708747864
dcjmcaxcxz.mp4,0.6743932962417603
dcjmwckfgf.mp4,0.05121208354830742
dcjnlrvwko.mp4,0.33015984296798706
dcjvqpgjgd.mp4,0.972603440284729
dcjymntuui.mp4,0.8012412786483765
dcklqywyhe.mp4,0.05352569371461868
dckwrwjrzb.mp4,0.930579423904419
dckygrkwnr.mp4,0.32288816571235657
dcmammspzg.mp4,0.9217854142189026
dcmitrlcbk.mp4,0.15216514468193054
dcmolptgrh.mp4,0.9555745720863342
dcmwnhbreb.mp4,0.7314897775650024
dcnlykkbbx.mp4,0.9081900119781494
dcnqtgonsk.mp4,0.8370864391326904
dcoieqrjhf.mp4,0.9243411421775818
dcoyfnrpsm.mp4,0.8960830569267273
dcpgtzfulm.mp4,0.776924192905426
dcpmipuapc.mp4,0.07627149671316147
dcqdtsgrif.mp4,0.29500317573547363
dcqhhkwztm.mp4,0.9119614362716675
dcqxjyahds.mp4,0.7027454972267151
dcrefaartv.mp4,0.8837409615516663
dcrjbnkhwu.mp4,0.9131238460540771
dcrsugpfcv.mp4,0.8985224366188049
dcsuccbsei.mp4,0.970831573009491
dcszjczlpo.mp4,0.9461365938186646
dctlyoecwq.mp4,0.5422353744506836
dctsqbktdd.mp4,0.8163760304450989
dctyzjipfr.mp4,0.4257084131240845
dcveredmux.mp4,0.6400408148765564
dcvnpbelyb.mp4,0.9306594729423523
dcvnuptiko.mp4,0.8971572518348694
dcwcdhskvh.mp4,0.942510187625885
dcwokudqws.mp4,0.057538632303476334
dcxozcclel.mp4,0.07590644061565399
dcyizhgzmd.mp4,0.6930285096168518
dcykyujhay.mp4,0.9551592469215393
dczlxpspyt.mp4,0.9203035831451416
dczmsjrwlc.mp4,0.8226349949836731
dcztdakmjg.mp4,0.9644071459770203
dczxxkstmj.mp4,0.9850523471832275
ddafrtsryt.mp4,0.9074802398681641
ddagxidupk.mp4,0.5494015216827393
ddbiylzzqx.mp4,0.911424458026886
ddblowwfcm.mp4,0.9513413310050964
ddbyhorsay.mp4,0.9021636247634888
ddcymnyysf.mp4,0.8057824373245239
dddjbmpchd.mp4,0.9047204852104187
ddewfzykyp.mp4,0.5555385947227478
ddfqkcxrnx.mp4,0.6186509132385254
ddfrexfnhg.mp4,0.053564317524433136
ddgdbctyif.mp4,0.8485608696937561
ddgworhapa.mp4,0.936180830001831
ddhsykhyod.mp4,0.923664927482605
ddidvzmvjs.mp4,0.93907231092453
ddieekaouu.mp4,0.9401000738143921
ddifvixwxx.mp4,0.9312574863433838
ddjfjzmdkk.mp4,0.6972366571426392
ddjzmyabyu.mp4,0.9458602070808411
ddkcxrncmq.mp4,0.8968122601509094
ddkjmumjgf.mp4,0.8812729716300964
ddktcurcsw.mp4,0.9081025719642639
ddnfrgolit.mp4,0.6882371306419373
ddnthwdvwg.mp4,0.11031503230333328
ddnticyxmd.mp4,0.11837209016084671
ddoanziqhj.mp4,0.7825762629508972
ddofbnkgot.mp4,0.8901500701904297
ddofbzcdbb.mp4,0.8861405253410339
ddogfurugq.mp4,0.44667282700538635
ddpngojvzy.mp4,0.9142832159996033
ddppcudrad.mp4,0.967811107635498
ddqayybsuq.mp4,0.927789032459259
ddqnhxudty.mp4,0.8101270198822021
ddqsbryhvd.mp4,0.14184629917144775
ddrjnwlugg.mp4,0.07928057760000229
ddrtwbrvvq.mp4,0.6311915516853333
ddrxykcwxm.mp4,0.3064262568950653
ddryljorfm.mp4,0.9662702083587646
ddshhjsygw.mp4,0.8792604207992554
ddsylmermi.mp4,0.9167196750640869
ddteixybzf.mp4,0.35572177171707153
ddtxbzgbho.mp4,0.9436556696891785
dduarbnfwc.mp4,0.08945067971944809
ddvbvfrnwi.mp4,0.9356701374053955
ddvbwjmtxo.mp4,0.8919951319694519
ddvgrczjno.mp4,0.840358316898346
ddvknwrapr.mp4,0.05200023949146271
ddvqkgpblf.mp4,0.5378465056419373
ddvstiwcwt.mp4,0.9624413251876831
ddvwdvwcla.mp4,0.9797105193138123
ddvxmmcqic.mp4,0.8304492831230164
ddwepnuyti.mp4,0.7042496800422668
ddwfpwxejt.mp4,0.8763683438301086
ddzdqyzdhc.mp4,0.0768379271030426
ddzfcscdat.mp4,0.983919620513916
ddzsbynofq.mp4,0.9442312717437744
debaivdfyo.mp4,0.8787021636962891
debfikcmdv.mp4,0.19223006069660187
debllamlvm.mp4,0.9143198728561401
decpkffsla.mp4,0.8297051191329956
dedqiwxjck.mp4,0.9738751649856567
dedyedsjrf.mp4,0.6275189518928528
deeihusbku.mp4,0.22390642762184143
deeqmpacic.mp4,0.932976484298706
deesewpczx.mp4,0.7809985876083374
deewyvrlzo.mp4,0.8952006697654724
defeqlyysh.mp4,0.6304691433906555
defolmxezz.mp4,0.9530503749847412
degaiqcgjz.mp4,0.8789570927619934
degqguwzgp.mp4,0.05973665416240692
degriaqieh.mp4,0.9487131237983704
degrpcsful.mp4,0.5873047113418579
degyedntzd.mp4,0.9475212693214417
dehhyjdoal.mp4,0.9038375020027161
dehkunamqr.mp4,0.8663604855537415
deiwnqacsh.mp4,0.8627626299858093
dejrbttkhl.mp4,0.9869329333305359
delpasdocb.mp4,0.7135174870491028
delyrslnsy.mp4,0.9150137305259705
demhikwrxs.mp4,0.8937695026397705
denujrssjb.mp4,0.7573798298835754
denvrbrfex.mp4,0.9312106966972351
deogcslvgj.mp4,0.5614970922470093
deoisxtlgy.mp4,0.5503184199333191
deokroxvyd.mp4,0.9582341909408569
deonabexby.mp4,0.888100266456604
depcrcqwai.mp4,0.8850288987159729
depsivyouu.mp4,0.6452285051345825
depwiwjaya.mp4,0.9709524512290955
deqdvahbhg.mp4,0.9187328219413757
deqjbfxtgj.mp4,0.7118931412696838
derdywipzq.mp4,0.5147996544837952
derfsbbisk.mp4,0.8318684101104736
derkcaxbhk.mp4,0.9867466688156128
dermobcmbu.mp4,0.17880958318710327
derpbinucl.mp4,0.855024516582489
deslnszgpy.mp4,0.09462003409862518
detuirvogn.mp4,0.9496868252754211
detwoqyuci.mp4,0.8096842169761658
devefnvbbj.mp4,0.9270102381706238
devkehhkrk.mp4,0.09255041927099228
dewntsgucs.mp4,0.16875438392162323
dewwkfbakz.mp4,0.972207248210907
dexltvvrzu.mp4,0.8805280923843384
dexmozizsn.mp4,0.8664552569389343
dexnpbncta.mp4,0.8912113904953003
dexrcvoajh.mp4,0.8827884197235107
dexuumghyb.mp4,0.9070962071418762
dezuxwdjih.mp4,0.5299109816551208
dezvqtncth.mp4,0.7932262420654297
dfaeqriiwz.mp4,0.857107937335968
dfarlbhxsu.mp4,0.7340652346611023
dfaslvpqyj.mp4,0.3446058928966522
dfcoszgyow.mp4,0.8874112963676453
dfcschesei.mp4,0.8314663171768188
dferzfqkbu.mp4,0.8706908822059631
dffkcrccsj.mp4,0.8452600836753845
dffmvpqblv.mp4,0.980308473110199
dffsnfrocs.mp4,0.7820756435394287
dffwjugyxq.mp4,0.07443783432245255
dfgmdzwtdj.mp4,0.919756293296814
dfgxmbooui.mp4,0.9100471138954163
dfgzhzlnpa.mp4,0.7866532802581787
dfhijhjvbb.mp4,0.8270360231399536
dfhnxcowcn.mp4,0.14243564009666443
dfhofezdps.mp4,0.9210735559463501
dfhzmusawi.mp4,0.6073024868965149
dfiwbwdvci.mp4,0.9886751174926758
dfizleqjyx.mp4,0.47585442662239075
dfjeslbxar.mp4,0.8898299932479858
dfkjcoltmo.mp4,0.9647536873817444
dfkkldwxjs.mp4,0.9208799600601196
dfkqciwcxx.mp4,0.7012448906898499
dfkqgmlyqe.mp4,0.047534577548503876
dflerefwqj.mp4,0.33876729011535645
dflmmskmaf.mp4,0.5362458825111389
dflntkllui.mp4,0.880601167678833
dfltwxmthv.mp4,0.8069531321525574
dfmgpurley.mp4,0.9849269986152649
dfmrkjvbst.mp4,0.9462383985519409
dfnxqfwtxy.mp4,0.907904863357544
dfolhoqttw.mp4,0.8914415240287781
dfpmkyzpca.mp4,0.563376784324646
dfpyystabi.mp4,0.24327726662158966
dfqwasrdvq.mp4,0.6457149386405945
dfqzmxyvqw.mp4,0.08900019526481628
dfrblpzrfs.mp4,0.7546743154525757
dfrhdjwfpz.mp4,0.9000018835067749
dfrxcsrixu.mp4,0.9670299887657166
dfsgzankji.mp4,0.823255181312561
dfsudwuyki.mp4,0.9160650372505188
dftyisuemv.mp4,0.8017652630805969
dfueewmwus.mp4,0.8239388465881348
dfujjfsabh.mp4,0.8993077278137207
dfulockbbz.mp4,0.957729697227478
dfvfkozxkx.mp4,0.9530640244483948
dfvwkacxqe.mp4,0.8587126731872559
dfwachzzkr.mp4,0.9841371774673462
dfwtdceztx.mp4,0.45137104392051697
dfxiluowgr.mp4,0.8967365026473999
dfzgnwsdcd.mp4,0.9159106016159058
dgavmmishw.mp4,0.9163251519203186
dgaytezioz.mp4,0.9818506240844727
dgbeekairq.mp4,0.413410484790802
dgbqnwuqlf.mp4,0.850875735282898
dgbszzkmyr.mp4,0.9110420942306519
dgbxioynxc.mp4,0.9695238471031189
dgcjustqps.mp4,0.959236741065979
dgcuscqlkd.mp4,0.13850754499435425
dgcyaajqwm.mp4,0.8520679473876953
dgdaodyusj.mp4,0.7748143672943115
dgdvunsamx.mp4,0.5851262211799622
dgezbtjinh.mp4,0.9436712861061096
dgftkfwzwu.mp4,0.12117301672697067
dgfuertkjp.mp4,0.7292944192886353
dgfxvmrcxi.mp4,0.8073874711990356
dggzfnnmwf.mp4,0.8955355286598206
dggzimgtrq.mp4,0.5770086646080017
dghbpnphef.mp4,0.11309665441513062
dghlnlzoks.mp4,0.4788517653942108
dghuodhtqi.mp4,0.8411956429481506
dgizmspftn.mp4,0.9146735072135925
dgjlourgsw.mp4,0.8704391717910767
dgjmstvnpd.mp4,0.9500763416290283
dgjssccxhx.mp4,0.9455562829971313
dgjxfzhrzg.mp4,0.8291091322898865
dgkyrayvtd.mp4,0.6997578144073486
dglnsoibqk.mp4,0.8294808864593506
dglvilfaao.mp4,0.9520523548126221
dgmcoflrox.mp4,0.9528866410255432
dgmerbxfzu.mp4,0.9326615333557129
dgmxfixurf.mp4,0.7855899333953857
dgmzjbwhdm.mp4,0.9612315893173218
dgnnjvelxv.mp4,0.9587576985359192
dgnrrgbuck.mp4,0.8326576352119446
dgnrrzbdki.mp4,0.06287838518619537
dgnzzvfujo.mp4,0.06869043409824371
dgohtipgij.mp4,0.9446173310279846
dgpvbdmebj.mp4,0.8755810856819153
dgqifelufo.mp4,0.3044903576374054
dgrsfhioaj.mp4,0.15114754438400269
dgrzbruftl.mp4,0.5207366943359375
dgsfaepnum.mp4,0.9386021494865417
dgsvgrqoku.mp4,0.8567351698875427
dgtdgrzifi.mp4,0.09930023550987244
dguibctgnw.mp4,0.8550171256065369
dguimpsjmb.mp4,0.8481799364089966
dguncbljmw.mp4,0.11100073903799057
dguvdjysqo.mp4,0.9651840925216675
dgvjvwlahu.mp4,0.8300964832305908
dgvqefslkw.mp4,0.21760377287864685
dgwexsksra.mp4,0.9219791293144226
dgwhrhufly.mp4,0.9103890657424927
dgwrkbdoop.mp4,0.6306196451187134
dgxpjtddfz.mp4,0.8100011348724365
dgxwkzjeuh.mp4,0.9781080484390259
dgyidaeucw.mp4,0.8524645566940308
dgyqnulynq.mp4,0.5617817044258118
dgytnkpzjs.mp4,0.9166069626808167
dgzajzyzum.mp4,0.07675615698099136
dhacxelphg.mp4,0.5385123491287231
dhafiubuuv.mp4,0.2282811850309372
dharoobkdi.mp4,0.8226258754730225
dhbbkwlagj.mp4,0.5
dhbixobmeu.mp4,0.8445011973381042
dhbnxpdkof.mp4,0.9342909455299377
dhbzkpirjq.mp4,0.9353422522544861
dhcfvvwvid.mp4,0.8489556908607483
dhcpmedqqw.mp4,0.11319244652986526
dhcvupxnrj.mp4,0.052942484617233276
dhcxruhxqm.mp4,0.9343178868293762
dhdarygjio.mp4,0.9717697501182556
dhdbsecfsy.mp4,0.9700683355331421
dhdivhuwly.mp4,0.9216942191123962
dhdtvnuglu.mp4,0.887824535369873
dheglvyxoz.mp4,0.48213955760002136
dhetuxjmnz.mp4,0.9083070158958435
dheynhtlps.mp4,0.8907535672187805
dhfcwchsir.mp4,0.9152947068214417
dhfeyosllj.mp4,0.10151994228363037
dhfinawlcy.mp4,0.9055230617523193
dhfkryfspz.mp4,0.9805738925933838
dhflewbzbo.mp4,0.9136589169502258
dhhpaftgnd.mp4,0.7670958638191223
dhibgljpai.mp4,0.0828668624162674
dhiiiwxtof.mp4,0.6560064554214478
dhinaqxuuj.mp4,0.9404391646385193
dhisuendkq.mp4,0.9749859571456909
dhjmgdgkte.mp4,0.04522331804037094
dhjromtynd.mp4,0.9005071520805359
dhkdjqwfhy.mp4,0.9587081670761108
dhkwqxhujb.mp4,0.8153561353683472
dhlibjhsri.mp4,0.9527261853218079
dhlpxgiilz.mp4,0.5025051236152649
dhmgfhlwzp.mp4,0.8415892124176025
dhmovshgex.mp4,0.9733323454856873
dhmqtqggfb.mp4,0.9404122829437256
dhnbifolrc.mp4,0.9700731635093689
dhnoqbblkm.mp4,0.8753858804702759
dhoazaplgg.mp4,0.953783392906189
dhpjfcwifb.mp4,0.8993168473243713
dhprkfvrph.mp4,0.9486907124519348
dhpxicqwzj.mp4,0.8419650197029114
dhsvhffmmv.mp4,0.6047016978263855
dhujlrhlmc.mp4,0.9761005640029907
dhuvrjnggi.mp4,0.9273519515991211
dhvakcuotf.mp4,0.39600425958633423
dhvibkkpax.mp4,0.7256057858467102
dhvnzywyuf.mp4,0.8174620866775513
dhvojcmjnl.mp4,0.7276797294616699
dhweakfwyf.mp4,0.8447625637054443
dhwvoebdjs.mp4,0.0622330941259861
dhxfrumvhh.mp4,0.7030693888664246
dhxmdqifot.mp4,0.9626454710960388
dhxrauqahg.mp4,0.9247244596481323
dhyevnqzak.mp4,0.9124842286109924
dhyywwatda.mp4,0.5400733351707458
dhzitkpnzx.mp4,0.8613682985305786
dianuqbtho.mp4,0.8916119337081909
dicdynesul.mp4,0.9406033158302307
dicfjxkgdb.mp4,0.9669205546379089
diegrsidvu.mp4,0.937278151512146
difjzyvozs.mp4,0.7316674590110779
difkouazrx.mp4,0.9422304630279541
digadpqbnq.mp4,0.3006546199321747
digodfuebj.mp4,0.9138561487197876
digvzzvyoe.mp4,0.8389348983764648
dihikfoowv.mp4,0.8813720345497131
dihltgtngr.mp4,0.8509563207626343
dihvecbwqc.mp4,0.8504111766815186
diiznqknyh.mp4,0.9328790307044983
dijbnarhjk.mp4,0.09294822067022324
dijkbxqbtk.mp4,0.8978078961372375
dijkublluh.mp4,0.8920450210571289
dikjzdxxoa.mp4,0.8268284797668457
dikmwvppsb.mp4,0.8988357782363892
dilfieqeyf.mp4,0.9011000394821167
dilfumvxqx.mp4,0.9576345086097717
dilvamjaoj.mp4,0.9294803738594055
dilyraxdba.mp4,0.7765598297119141
dimiflrvgt.mp4,0.9009023308753967
dimlufgfja.mp4,0.9284184575080872
dimxnfalvi.mp4,0.9369611740112305
dimzkihwpf.mp4,0.95701664686203
dinsbywbwl.mp4,0.0904824435710907
dinswqpjsj.mp4,0.8513119220733643
diopnptloj.mp4,0.5993472337722778
dioueusgrg.mp4,0.15364882349967957
dioxvkiwze.mp4,0.8137097358703613
diozrmqahq.mp4,0.9061968922615051
diptkcsvwb.mp4,0.7699607014656067
diqqbcmidu.mp4,0.8974332809448242
dirfuosarj.mp4,0.7199783325195312
dirmzyzqdc.mp4,0.9705089330673218
disbytpxhu.mp4,0.9268463253974915
diskzkrrph.mp4,0.13474437594413757
disldvkasb.mp4,0.9040340781211853
disvnwrryr.mp4,0.05008653923869133
ditgggwqru.mp4,0.9157850742340088
ditgnohyeb.mp4,0.7746493220329285
ditygkvzml.mp4,0.9525368809700012
diuaptgufo.mp4,0.8974206447601318
diubkvruls.mp4,0.460353285074234
diufxiirow.mp4,0.9049832224845886
diuoilvnvc.mp4,0.8319997787475586
diwiirjriq.mp4,0.18719755113124847
diwpgiikqw.mp4,0.9441745281219482
diybxapfbw.mp4,0.89871746301651
diyokbalej.mp4,0.9416265487670898
diztudbgym.mp4,0.9395834803581238
djabgmttqg.mp4,0.7816051244735718
djagudgftt.mp4,0.1891290843486786
djbimbpwbg.mp4,0.17521850764751434
djbwlpybbr.mp4,0.837247371673584
djbxnuqltp.mp4,0.9343309998512268
djchjxxndc.mp4,0.9398756623268127
djckwbjble.mp4,0.8415398597717285
djcwyyddya.mp4,0.8330920934677124
djelvxvyhb.mp4,0.8674454689025879
djhhnixfyi.mp4,0.895204484462738
djhnisnmzs.mp4,0.9143751263618469
djillmkele.mp4,0.9165482521057129
djiysgzgpe.mp4,0.20710544288158417
djjafmdtxy.mp4,0.9011494517326355
djjdcnhlma.mp4,0.969021201133728
djjdzsivvi.mp4,0.9395396709442139
djjhidxwnx.mp4,0.7083584070205688
djjtwjtymj.mp4,0.9435591101646423
djkvxejnqm.mp4,0.7749088406562805
djkwstalvv.mp4,0.10458055138587952
djkzdbcfgb.mp4,0.8813063502311707
djlbwxsyud.mp4,0.925349235534668
djlgjbpuvk.mp4,0.5368338227272034
djlgnbnsle.mp4,0.8766475319862366
djlkkqmjkk.mp4,0.07038529217243195
djlubjyhsj.mp4,0.053530558943748474
djmormcyqu.mp4,0.07468806952238083
djncmccgpw.mp4,0.6483587026596069
djodnxisaa.mp4,0.33775123953819275
djossucaoj.mp4,0.8925381302833557
djozjfcnwk.mp4,0.8678229451179504
djpakbpuym.mp4,0.9280640482902527
djphxzgkco.mp4,0.1130196675658226
djrfxolqxm.mp4,0.8238502740859985
djttvzkrat.mp4,0.8441157937049866
djtxjdqkhn.mp4,0.8727002739906311
djuglubovi.mp4,0.8435057997703552
djurladqta.mp4,0.9473434090614319
djvbsnsiah.mp4,0.07424793392419815
djvustcyne.mp4,0.7632682919502258
djvygkqnxw.mp4,0.9873082041740417
djwcqyqznx.mp4,0.5757684111595154
djwshghuug.mp4,0.9294348955154419
djxcmobexd.mp4,0.9141606688499451
djxogftlxw.mp4,0.8867005705833435
djxtvdtmxx.mp4,0.9287371039390564
djxzmbwtxh.mp4,0.9765134453773499
djycdroxqm.mp4,0.8549209833145142
djynqeqhud.mp4,0.7495121359825134
djytodyczi.mp4,0.6329348087310791
djzdpqlzfe.mp4,0.9317159652709961
djzjzfzmel.mp4,0.8147789239883423
djzpxvypfp.mp4,0.912638247013092
dkadyyxwru.mp4,0.04390856996178627
dkaklaptww.mp4,0.8945766687393188
dkayifawyz.mp4,0.6512212157249451
dkbpvlmyhq.mp4,0.9045425057411194
dkcdwhimur.mp4,0.9867755770683289
dkcffbwxex.mp4,0.8204820156097412
dkdxutvheq.mp4,0.9562004804611206
dkecoglfmz.mp4,0.8350610136985779
dkeguzynhx.mp4,0.9281919598579407
dkemxsjleq.mp4,0.2899714410305023
dketpabwga.mp4,0.1904413402080536
dkeywucgch.mp4,0.9683826565742493
dkfyvfjcpr.mp4,0.2158997505903244
dkgmpwbqde.mp4,0.061426229774951935
dkgxnghmhd.mp4,0.9177309274673462
dkgxsuavjw.mp4,0.896658182144165
dkhdxcsjsk.mp4,0.9620947241783142
dkiiqijowz.mp4,0.0670604258775711
dkisuimzar.mp4,0.879210889339447
dkjpnomaek.mp4,0.9540809392929077
dkkqtmyitk.mp4,0.9748194217681885
dklyohebjb.mp4,0.9479978680610657
dkmesyoxlp.mp4,0.8348305225372314
dkmyaphiqy.mp4,0.1892092525959015
dkobxivwmn.mp4,0.16866929829120636
dkofkxrhng.mp4,0.871502161026001
dkpegbxels.mp4,0.7596634030342102
dkpvmylcug.mp4,0.9023032784461975
dkqbuhxzbn.mp4,0.8230734467506409
dkqgphgzgf.mp4,0.9435887932777405
dkqzxeudzp.mp4,0.934882640838623
dkrgbzdtot.mp4,0.8448338508605957
dkrjqyfgxb.mp4,0.7974246740341187
dktuqozmst.mp4,0.8985676169395447
dktvjujnqu.mp4,0.06255011260509491
dktwmkgcrz.mp4,0.9555686712265015
dktywrlqgu.mp4,0.9771155118942261
dkuekmvqoy.mp4,0.8044010996818542
dkuuejqoss.mp4,0.8501867651939392
dkuvktiywb.mp4,0.7701114416122437
dkvxzocpnx.mp4,0.9608493447303772
dkwhpqqqaf.mp4,0.9474755525588989
dkxbvpgztu.mp4,0.40253424644470215
dkxermeyac.mp4,0.8014495968818665
dkxsrhspqf.mp4,0.04232233017683029
dkxyfdytbs.mp4,0.2253206968307495
dkyztnifza.mp4,0.3053690791130066
dkzdguggob.mp4,0.9654206037521362
dkzvhtkenl.mp4,0.8733327388763428
dlalkoiknc.mp4,0.9567444324493408
dlazwrjveu.mp4,0.15793417394161224
dlbxnfthal.mp4,0.8562847375869751
dlcbmdkbxz.mp4,0.8514518737792969
dlccyuailb.mp4,0.824395477771759
dlckdleyaj.mp4,0.9607914090156555
dlebjfujap.mp4,0.9079364538192749
dlelgvsnae.mp4,0.21350474655628204
dlezhlbjtu.mp4,0.5724542140960693
dlfjgxzokr.mp4,0.060110364109277725
dlfubjxywg.mp4,0.903519332408905
dlgcycscay.mp4,0.9412283897399902
dlhibcsuow.mp4,0.8928393125534058
dlhnapxhem.mp4,0.9827111959457397
dlhzfvfgzh.mp4,0.9370071887969971
dliapdgfsg.mp4,0.6906267404556274
dljvfmkkpo.mp4,0.614814281463623
dlkjimbdzz.mp4,0.11597879976034164
dlknkizxrw.mp4,0.854811429977417
dllkubdbbd.mp4,0.94233638048172
dlllcetqbw.mp4,0.9561648368835449
dlmfukhdrj.mp4,0.07657501101493835
dlnxsfbljv.mp4,0.8748459815979004
dlogguklox.mp4,0.45233258605003357
dlohmggfrd.mp4,0.8919607996940613
dlqouiqfue.mp4,0.7368735671043396
dlrooyspqx.mp4,0.9453073143959045
dlsdmdraln.mp4,0.5098538994789124
dlszoejyjb.mp4,0.08361038565635681
dltoduaeaj.mp4,0.8767314553260803
dluknggcwk.mp4,0.5547428727149963
dluqlzodmm.mp4,0.9432852864265442
dlvuwljayy.mp4,0.9367765188217163
dlvvnxsmyt.mp4,0.918006181716919
dlwczwqwer.mp4,0.9096077084541321
dlzptoehia.mp4,0.8749240040779114
dmabuhmyel.mp4,0.05181267857551575
dmadqljrab.mp4,0.07317621260881424
dmavufuqqy.mp4,0.8597910404205322
dmbhjotdud.mp4,0.9431898593902588
dmbwijgszl.mp4,0.4745415151119232
dmcaboiwzd.mp4,0.9421873092651367
dmchxgiecw.mp4,0.9246141910552979
dmcnsuwsin.mp4,0.3868443965911865
dmczblhcdt.mp4,0.9022977948188782
dmddngkhes.mp4,0.9107756614685059
dmdskkrzbc.mp4,0.8832414150238037
dmdsqhprqw.mp4,0.8382436633110046
dmebceoylu.mp4,0.9107124209403992
dmecajzxbx.mp4,0.38165950775146484
dmehxjzdmv.mp4,0.07027312368154526
dmelcppgzc.mp4,0.9869189262390137
dmepwdmccf.mp4,0.5094090104103088
dmfaqzikrh.mp4,0.8894631266593933
dmffmleqcu.mp4,0.8432901501655579
dmfysraiiw.mp4,0.9222573041915894
dmgafmocjl.mp4,0.18494358658790588
dmgjhisfnt.mp4,0.944419801235199
dmgshaefup.mp4,0.9614247679710388
dmhfssknop.mp4,0.8910133242607117
dmhsizbghm.mp4,0.9010188579559326
dmisapphyk.mp4,0.9782761335372925
dmitvectsn.mp4,0.049485981464385986
dmjozwexzt.mp4,0.9081796407699585
dmllscpmpp.mp4,0.7127947807312012
dmmdfzagvm.mp4,0.9290338754653931
dmmuakrefq.mp4,0.14867153763771057
dmncsnzmsa.mp4,0.9199445247650146
dmndsesdsu.mp4,0.6888279914855957
dmneorhwcl.mp4,0.8781370520591736
dmniibimgn.mp4,0.8607717156410217
dmnurdpswv.mp4,0.9385876655578613
dmoctfubep.mp4,0.959248960018158
dmokusotwn.mp4,0.8998549580574036
dmomurmnec.mp4,0.9695993661880493
dmonugzxlo.mp4,0.89794921875
dmpacchzdi.mp4,0.13981445133686066
dmpeqobntf.mp4,0.711875855922699
dmpfxquzrt.mp4,0.8925407528877258
dmpvbeyuqb.mp4,0.10901837795972824
dmqjmpuosu.mp4,0.9011144638061523
dmqwuutqun.mp4,0.15959526598453522
dmqydcvmyy.mp4,0.9614885449409485
dmsbpidqka.mp4,0.12726184725761414
dmtjqgbezd.mp4,0.10840728878974915
dmubrkqxvd.mp4,0.07125013321638107
dmueaxtkcm.mp4,0.890432596206665
dmuhzrcbfa.mp4,0.43048134446144104
dmuovykqam.mp4,0.8538503050804138
dmurhipwia.mp4,0.7625445127487183
dmvnzlhpgm.mp4,0.5779367685317993
dmxcrspnga.mp4,0.3434385657310486
dmxinfvegm.mp4,0.581235408782959
dmxwithiff.mp4,0.9499151110649109
dmyojxbjac.mp4,0.8358928561210632
dmyrdvcubh.mp4,0.8765687942504883
dmyydmewnv.mp4,0.9519444108009338
dmzbzcjsrg.mp4,0.8380821943283081
dmzfhikjjo.mp4,0.9464414119720459
dnaoszqxag.mp4,0.9641461372375488
dnargmsmdp.mp4,0.8757622838020325
dnarvuxikn.mp4,0.8228225111961365
dnavpslhmy.mp4,0.9331938028335571
dnbnqzidxy.mp4,0.8739985227584839
dndpcusmgh.mp4,0.7888883948326111
dndpfhgmlx.mp4,0.8933784365653992
dndurwfpfx.mp4,0.8519923686981201
dnebeevzpl.mp4,0.9381850957870483
dnecilutfg.mp4,0.06793724000453949
dnfnxwbsoi.mp4,0.052724458277225494
dnfvyzhnfh.mp4,0.8839498162269592
dngwozfwzc.mp4,0.10959107428789139
dnhaskulaj.mp4,0.7368577718734741
dnhotbpzzg.mp4,0.8722370862960815
dnigdffplp.mp4,0.9552401304244995
dnirzrdpcv.mp4,0.9311926960945129
dnjlbgljyf.mp4,0.6669750809669495
dnksorsbcm.mp4,0.9341108202934265
dnlghyhgfj.mp4,0.12770245969295502
dnlqdcchcz.mp4,0.9365075826644897
dnlshtnedx.mp4,0.9080369472503662
dnlxklfacs.mp4,0.886372983455658
dnmgjhucsj.mp4,0.9396706819534302
dnmhntrzck.mp4,0.8743382096290588
dnnagoloqb.mp4,0.33471348881721497
dnnvqoyckz.mp4,0.3776591122150421
dnomkfoccj.mp4,0.22908228635787964
dnonvgmeyp.mp4,0.9224722385406494
dnqobuqalm.mp4,0.4800014793872833
dnquugxkdd.mp4,0.9030379056930542
dnratobdph.mp4,0.3749547600746155
dnrqehggwv.mp4,0.9521826505661011
dnrttdylqa.mp4,0.8893822431564331
dnrydtpjus.mp4,0.9394109845161438
dnsntuccbs.mp4,0.8912355899810791
dnsokgitxl.mp4,0.8882539868354797
dnswxamjjt.mp4,0.06632301211357117
dntihcoxuv.mp4,0.05566640943288803
dnublilpww.mp4,0.9127768278121948
dnuejnupba.mp4,0.8350813388824463
dnvrbqxhqz.mp4,0.29517197608947754
dnvxraeele.mp4,0.771609902381897
dnwfukbbcn.mp4,0.9540507793426514
dnwhoboviz.mp4,0.7388297915458679
dnwkqvsdtm.mp4,0.9541971683502197
dnwmnttyfe.mp4,0.9759222269058228
dnwohsnyob.mp4,0.09872055053710938
dnxpsqsuil.mp4,0.9450719952583313
dnydftpgky.mp4,0.8753301501274109
doagslzeae.mp4,0.8435674905776978
doaisfmawr.mp4,0.8035292625427246
doazeldxul.mp4,0.7463873624801636
doblwjidzf.mp4,0.9226606488227844
dobmkyconz.mp4,0.7123606204986572
dobniqrlak.mp4,0.06449154019355774
doboalxzro.mp4,0.9867861270904541
dodwessgpl.mp4,0.9473103880882263
doeijjugxc.mp4,0.9452096223831177
doemehunwj.mp4,0.7154821157455444
doevunlyyt.mp4,0.8310651779174805
dofxakipma.mp4,0.8755438923835754
dogibysjkl.mp4,0.9199774861335754
dogotzkdiw.mp4,0.10885510593652725
dohbueaisb.mp4,0.039953723549842834
doheugxdet.mp4,0.1289999634027481
doieimouer.mp4,0.09966793656349182
dojiveigog.mp4,0.08519698679447174
dojorsyreo.mp4,0.9766017198562622
dojtnxqdrq.mp4,0.9684767127037048
donlceyfem.mp4,0.9268832206726074
donrqywxxu.mp4,0.9449926614761353
dopcoxsotn.mp4,0.08235912024974823
dopphjahir.mp4,0.590560257434845
doprgfnryn.mp4,0.9106648564338684
doptetuggv.mp4,0.823036253452301
dopulvkqip.mp4,0.9301432371139526
dopxldqkao.mp4,0.7466655969619751
dopyarkmwh.mp4,0.8521575927734375
dorkzruqpe.mp4,0.9439532160758972
dorqiyjsod.mp4,0.7264356017112732
doruflroku.mp4,0.7669647932052612
dosezavwhq.mp4,0.9111994504928589
dosjwmjzrx.mp4,0.7044087052345276
dosnxvkzgf.mp4,0.7259524464607239
dosvlktrae.mp4,0.8908693194389343
dousbnlwam.mp4,0.07457645982503891
doveoojfbg.mp4,0.37136879563331604
dovonxgzrn.mp4,0.9280424118041992
dovzpopzop.mp4,0.9526793956756592
dowcqibizd.mp4,0.9677432775497437
dowopnjsjm.mp4,0.3479454517364502
doyfynweis.mp4,0.3390171527862549
doyxphntti.mp4,0.8581578731536865
dozdjdnsrl.mp4,0.146773099899292
dozswzstib.mp4,0.9704185128211975
dpacxirzme.mp4,0.8797032833099365
dpaqaxgzon.mp4,0.7399554252624512
dpbojjwctj.mp4,0.8476083278656006
dpcahzyjmo.mp4,0.9301921129226685
dpcbuydqaz.mp4,0.9439266920089722
dpdeszoxlp.mp4,0.08463360369205475
dpdjjmqwqn.mp4,0.05552460625767708
dpdpkevreu.mp4,0.9446483254432678
dpegbdzijf.mp4,0.10973573476076126
dpekatbxlr.mp4,0.9497982263565063
dpesoimjjo.mp4,0.9687982797622681
dpetoqdajw.mp4,0.9470261931419373
dpevhliuec.mp4,0.24461309611797333
dpevppxaaz.mp4,0.4369536340236664
dpfdxyzenz.mp4,0.10776559263467789
dpfjhklovx.mp4,0.9381218552589417
dpfuqzdtrs.mp4,0.9417383670806885
dpfygjvurs.mp4,0.9036274552345276
dpgaegossz.mp4,0.5729045271873474
dpgejlhueq.mp4,0.08142181485891342
dpgjudbvus.mp4,0.0789896547794342
dpglsmiqwm.mp4,0.16379493474960327
dpgxrxlmqj.mp4,0.32472413778305054
dpgznlwvpx.mp4,0.06498310714960098
dphivdjboy.mp4,0.9841209053993225
dphpvmgpbp.mp4,0.9679333567619324
dphqaflxdo.mp4,0.2794559597969055
dphqkybvto.mp4,0.9614312052726746
dphtzcswiu.mp4,0.9176124930381775
dpirglafro.mp4,0.8519012331962585
dpiynoeiwp.mp4,0.9188832640647888
dpjghtzvko.mp4,0.8989508152008057
dpjvdjeduu.mp4,0.05538390576839447
dpjzcvczif.mp4,0.6289002299308777
dpkbgifccb.mp4,0.821765661239624
dpldrcqfdx.mp4,0.3067358434200287
dpmbiymdxs.mp4,0.9184487462043762
dpmzclizkp.mp4,0.9518589377403259
dpoguapjty.mp4,0.9292473196983337
dpoisudctx.mp4,0.485116571187973
dppixhsszo.mp4,0.8161426186561584
dpqocpjswu.mp4,0.39880436658859253
dpqspsnfls.mp4,0.9474769830703735
dpquvbkgoh.mp4,0.9183300137519836
dpsfsvflio.mp4,0.8844308257102966
dpswvtluiz.mp4,0.1933460533618927
dpugwumfok.mp4,0.8089348673820496
dpumavoiti.mp4,0.9630094766616821
dpuzevsqec.mp4,0.8618157505989075
dpvligsdzp.mp4,0.908568263053894
dpvmizbjmm.mp4,0.783462643623352
dpvyupznif.mp4,0.10167161375284195
dpwxclnvav.mp4,0.9466349482536316
dpxjxfjxaj.mp4,0.8088659048080444
dpyjlbgxhv.mp4,0.05303020402789116
dpynqhdyal.mp4,0.9071539044380188
dpzpbjufmy.mp4,0.9306954145431519
dpzsgxhecn.mp4,0.20089206099510193
dqbgdbtdij.mp4,0.21090854704380035
dqbhuexjiv.mp4,0.5701300501823425
dqbilrqozl.mp4,0.56704181432724
dqblrylonj.mp4,0.9387778043746948
dqchmjpkwp.mp4,0.11725849658250809
dqcqaciyjp.mp4,0.9870371222496033
dqeexnwfso.mp4,0.22943079471588135
dqevbrjxzm.mp4,0.9243292808532715
dqfgwejsvm.mp4,0.04314929246902466
dqfkandnht.mp4,0.8976989984512329
dqfqgkoyax.mp4,0.6060773730278015
dqibpplzly.mp4,0.09135987609624863
dqidxhktvn.mp4,0.09187721461057663
dqidxrvhud.mp4,0.898201584815979
dqisjtyguv.mp4,0.6345943212509155
dqivnrmzjs.mp4,0.9743772745132446
dqkpfpxrkb.mp4,0.7967497706413269
dqmkthhjbx.mp4,0.5650867223739624
dqmlelzmkk.mp4,0.9419915080070496
dqmmcbbvzh.mp4,0.8604586720466614
dqmrfhgpql.mp4,0.9409127235412598
dqombsgufg.mp4,0.36277690529823303
dqomowdkuy.mp4,0.9178008437156677
dqpjkpgvts.mp4,0.7603351473808289
dqppcbikrv.mp4,0.8164801597595215
dqqeyuatkw.mp4,0.9500716328620911
dqqgfwcmrn.mp4,0.6636610627174377
dqquvfnfir.mp4,0.038826752454042435
dqqzkftrov.mp4,0.8836055994033813
dqrsukajna.mp4,0.887089192867279
dqsbmlbioa.mp4,0.5339290499687195
dqsdcbmoyo.mp4,0.07000405341386795
dqseyefxus.mp4,0.9485830068588257
dqsjrwfcim.mp4,0.9050267934799194
dqstwncfrt.mp4,0.9343435764312744
dqthpbczpo.mp4,0.4339069426059723
dquxguciif.mp4,0.8538994193077087
dqvigmswec.mp4,0.9408161640167236
dqwaqerwma.mp4,0.8935760259628296
dqwivnescd.mp4,0.9380083680152893
dqwnndyoti.mp4,0.9228246808052063
dqwstprwis.mp4,0.9308032989501953
dqwzmbwhzo.mp4,0.16996334493160248
dqxprtqlxy.mp4,0.6294708847999573
dqxqmexekn.mp4,0.745326578617096
dqztatxlqb.mp4,0.9798360466957092
dralbstugr.mp4,0.9228585362434387
drbnyexjsp.mp4,0.9308059215545654
drbqpaasvz.mp4,0.3844837546348572
drcbersvnq.mp4,0.7234007716178894
dreamznfsd.mp4,0.9184350967407227
dreiuqfayx.mp4,0.3155236840248108
dresjrvhhj.mp4,0.9663094878196716
drffprhwll.mp4,0.9265018105506897
drfxxsoqpu.mp4,0.09955193847417831
drgvtllewu.mp4,0.8737055063247681
drheirwjbb.mp4,0.970276415348053
drhsyogfpq.mp4,0.9403292536735535
drieyseoev.mp4,0.9441288113594055
drjbrauwqt.mp4,0.07184924185276031
drjjyrznum.mp4,0.7240774631500244
drjlymljha.mp4,0.919320821762085
drjmagfuss.mp4,0.895510196685791
drjmigyisb.mp4,0.9208027124404907
drjnvbiqbu.mp4,0.927108883857727
drkdtigcja.mp4,0.1413796842098236
drkgblxscz.mp4,0.8426846265792847
drkisthaav.mp4,0.8897778391838074
drlbzmlsuh.mp4,0.9569598436355591
drlnvwvvuw.mp4,0.19297607243061066
drmtumqfus.mp4,0.9146708250045776
drnwsctnuh.mp4,0.4737163186073303
drnyxcdxmj.mp4,0.9269547462463379
droflgpbgt.mp4,0.8559585213661194
drojjsajtb.mp4,0.9711509346961975
drpqbtfjsr.mp4,0.8773144483566284
drpstylchq.mp4,0.07762177288532257
drqkbppazx.mp4,0.6840870380401611
drqtyzvhdd.mp4,0.8926562070846558
drrcckzpnm.mp4,0.8079521059989929
drrfshifmg.mp4,0.06968004256486893
drrpntzyos.mp4,0.8037245869636536
drscxohoqw.mp4,0.9547440409660339
drsfrhpdgk.mp4,0.22466015815734863
drsgygzgya.mp4,0.9274153113365173
drsqpxhfeq.mp4,0.7347397804260254
drtcebdmsd.mp4,0.6009346842765808
drthoxlzfr.mp4,0.8668215274810791
drunryhskx.mp4,0.9547193646430969
drwiutntjf.mp4,0.7626711130142212
drwmfvxesn.mp4,0.9444682002067566
drwzbuwdwo.mp4,0.9423539638519287
drxdmrwgmc.mp4,0.5134580135345459
drxfjitbio.mp4,0.7225564122200012
drxswkgtst.mp4,0.0756743922829628
drxvhmrfmo.mp4,0.8985152244567871
drxvwffypa.mp4,0.5203059911727905
dryhqdbmut.mp4,0.10400167107582092
drykptqtsm.mp4,0.8805593848228455
drytosluag.mp4,0.06713972240686417
drznplrdda.mp4,0.913298487663269
dsaimnkbgj.mp4,0.948646068572998
dsaqimdnjb.mp4,0.9409277439117432
dsbvhyjfor.mp4,0.845272421836853
dscgrauvgh.mp4,0.9383201003074646
dscijfgpba.mp4,0.7376894950866699
dscprfjses.mp4,0.19292765855789185
dsdgxlsvab.mp4,0.9377503991127014
dsdsmfrmdw.mp4,0.30126288533210754
dsealbmwme.mp4,0.9108802080154419
dsgwsmscmh.mp4,0.05534399300813675
dshgmpqmxa.mp4,0.37214699387550354
dshzlfpsdh.mp4,0.9340155124664307
dsilxejbkg.mp4,0.7938210368156433
dsiqhmzjcq.mp4,0.8685049414634705
dsjswaaiiv.mp4,0.6925254464149475
dskdhcxutl.mp4,0.5346416234970093
dskmqeboxb.mp4,0.9611837267875671
dskzamsvtn.mp4,0.8377232551574707
dslifinjkj.mp4,0.8903067708015442
dslpjueuhn.mp4,0.5301069617271423
dsmcmczelz.mp4,0.8631748557090759
dsmdkytbzr.mp4,0.9390934705734253
dsmdylqcjr.mp4,0.9199180006980896
dsmlabbgkb.mp4,0.6569117307662964
dsnerafcqv.mp4,0.6245354413986206
dsnnxyfctp.mp4,0.7955029606819153
dspahjiktq.mp4,0.9179876446723938
dspdtacmun.mp4,0.1954837292432785
dspezmgkkj.mp4,0.9413730502128601
dspnjwfpes.mp4,0.8468745350837708
dsqixnximj.mp4,0.053683601319789886
dsqoagpfgc.mp4,0.9071645140647888
dsralytzln.mp4,0.6795706748962402
dsrmzmrvxa.mp4,0.26798468828201294
dsrytiitih.mp4,0.776052713394165
dstvkvrglm.mp4,0.8331369757652283
dsveelyrgf.mp4,0.08416524529457092
dsvibdylng.mp4,0.928569495677948
dsviippitl.mp4,0.9078648686408997
dsvzltsbyq.mp4,0.9105464220046997
dsxvketzmt.mp4,0.9060043096542358
dsyapihokr.mp4,0.9486665725708008
dsyljupsqw.mp4,0.9213983416557312
dsypvnksuc.mp4,0.0529286153614521
dsywxyckwy.mp4,0.9593921303749084
dsyxpluggm.mp4,0.9415770173072815
dszfkngghv.mp4,0.9153104424476624
dsznmzroir.mp4,0.9231138229370117
dszyfycaxl.mp4,0.9657898545265198
dtbgjdtujf.mp4,0.7194849848747253
dtbnoimzzl.mp4,0.21093660593032837
dtcseuijtb.mp4,0.5114445686340332
dtdfjxyubu.mp4,0.98639976978302
dtdlzuofte.mp4,0.6862908601760864
dtehuznchv.mp4,0.9261160492897034
dteshahzfp.mp4,0.9260706305503845
dtfgsvfmjq.mp4,0.9151128530502319
dtfrslgpwj.mp4,0.1691834181547165
dtgejbdshy.mp4,0.8830147981643677
dthbysjgfg.mp4,0.3340432643890381
dthectkigu.mp4,0.9886385202407837
dthgskgnxk.mp4,0.8257938623428345
dthsbwohjb.mp4,0.22732074558734894
dthvdezqws.mp4,0.8532552719116211
dtidkfvnnw.mp4,0.8853981494903564
dtissoiefc.mp4,0.7558587789535522
dtivssiisl.mp4,0.8845187425613403
dtjamuiyiu.mp4,0.7254539728164673
dtjcrfmraj.mp4,0.9823657274246216
dtjxsdvkov.mp4,0.9709285497665405
dtllszqumv.mp4,0.5454358458518982
dtlrlpemur.mp4,0.1222110465168953
dtmboydqqu.mp4,0.9243766665458679
dtmjmmhrzi.mp4,0.9864824414253235
dtmqbsbmtx.mp4,0.7055549621582031
dtmyiszoad.mp4,0.835382878780365
dtnbfjtoou.mp4,0.9308502078056335
dtndkhtznj.mp4,0.6792937517166138
dtngwlnmhu.mp4,0.2900213301181793
dtobxangxt.mp4,0.07919583469629288
dtovjfinca.mp4,0.8803483247756958
dtqgehoxjl.mp4,0.8839534521102905
dtqhijoxgk.mp4,0.8561959862709045
dtrylmmfku.mp4,0.9252892136573792
dtsemuqyot.mp4,0.8825704455375671
dtskukyggw.mp4,0.8405820727348328
dtsoxfqjtr.mp4,0.6479730606079102
dtspghozbj.mp4,0.6164242029190063
dtssdnhgiw.mp4,0.08882120251655579
dtteldyuvf.mp4,0.9063471555709839
dtuatfaetk.mp4,0.9162147641181946
dtutjoeohz.mp4,0.8189436793327332
dtuwyvosek.mp4,0.1060761883854866
dtvsntuctq.mp4,0.35878756642341614
dtwbmdgqsl.mp4,0.9004474878311157
dtwmkvalrf.mp4,0.8830628991127014
dtwyrdfwjv.mp4,0.9521914124488831
dtybbstrow.mp4,0.06281883269548416
dtylzjvdic.mp4,0.766166627407074
dtzcznnnri.mp4,0.9338458776473999
dubcbdxrjw.mp4,0.3229391872882843
dudffwylgp.mp4,0.9733150005340576
dudwffxjrv.mp4,0.8787808418273926
duekvkfzff.mp4,0.9815835356712341
dufjujmnjb.mp4,0.8902331590652466
dufwqldemv.mp4,0.8312956690788269
dugqhdwduy.mp4,0.8191424012184143
dugxnvunhp.mp4,0.9479460716247559
duharfxvlx.mp4,0.916877806186676
duhsvhutbd.mp4,0.9739617705345154
dujcilrfww.mp4,0.9128628969192505
dujodwlmny.mp4,0.8067649602890015
dujqekxrvp.mp4,0.9361394643783569
dukyihrdhb.mp4,0.977628231048584
dulrkjgjvr.mp4,0.6362477540969849
dultiznosk.mp4,0.04201601445674896
dulurmlisg.mp4,0.9213395714759827
dunalebmpa.mp4,0.1054803654551506
duoehftfgy.mp4,0.9158206582069397
duorbxnaew.mp4,0.9416810870170593
duowkaxqfz.mp4,0.9364590048789978
dupqqiguui.mp4,0.9013099074363708
dupsnteozu.mp4,0.12077194452285767
duqeevntgr.mp4,0.6657423973083496
duqfwmozqw.mp4,0.7177600860595703
duqiruqllb.mp4,0.9738653898239136
duqzgngijc.mp4,0.946857213973999
dusbhhockt.mp4,0.051352694630622864
dusgrtwjfs.mp4,0.5150724053382874
duskgxxgha.mp4,0.6481271982192993
dutcaatdbk.mp4,0.15129277110099792
dutxfomimk.mp4,0.980819821357727
duutgvwvhj.mp4,0.956314206123352
duuzobnkdu.mp4,0.9416772723197937
duvevfzcjn.mp4,0.8823703527450562
duvlanzhnn.mp4,0.571459949016571
duwmzggdvd.mp4,0.8685300350189209
duxhvftnpq.mp4,0.8487688302993774
duxjjywsah.mp4,0.9323197603225708
duyisbzujq.mp4,0.7778106331825256
duywhnombt.mp4,0.6461150050163269
duzmotcwss.mp4,0.9765966534614563
duzpgwrxnt.mp4,0.9081728458404541
duzueyonao.mp4,0.8753305673599243
dvajdynpdh.mp4,0.928955614566803
dvalwsjxcv.mp4,0.9693585634231567
dvazfntepg.mp4,0.8761876821517944
dvbbnrkvdy.mp4,0.9543145298957825
dvbboychog.mp4,0.8610674142837524
dvcioruqyy.mp4,0.9311807155609131
dvclvkchod.mp4,0.07892550528049469
dvdetyfrop.mp4,0.9459263682365417
dvdgwbcsdo.mp4,0.7521145939826965
dvdtizyhyb.mp4,0.9008721709251404
dvdxtnnnmp.mp4,0.8518677353858948
dvfmhaqocl.mp4,0.48050227761268616
dvgbdxchzh.mp4,0.9383224844932556
dvgeqilcbb.mp4,0.6833618879318237
dvgrxlhsry.mp4,0.6658418774604797
dvgtnbiaoo.mp4,0.9048081636428833
dvhqffxuud.mp4,0.602573573589325
dvidirtwll.mp4,0.9368878602981567
dvidnauyrz.mp4,0.9543910622596741
dvieslcdff.mp4,0.05364041402935982
dvinxyskoc.mp4,0.9587517380714417
dviplwhgui.mp4,0.9848462343215942
dvjwublkvq.mp4,0.5558530688285828
dvjzmpccug.mp4,0.49668818712234497
dvkbsvwkrg.mp4,0.8468034267425537
dvkxchfqbv.mp4,0.07993143796920776
dvmllfuicr.mp4,0.09876494109630585
dvncxecafe.mp4,0.9277995824813843
dvnqjpwfvn.mp4,0.8614451885223389
dvokziuunu.mp4,0.9283052086830139
dvpcfmcsml.mp4,0.08092504739761353
dvpfvrshkw.mp4,0.9023609757423401
dvqthddptg.mp4,0.9713792204856873
dvriktjvyz.mp4,0.30418163537979126
dvslakpmqw.mp4,0.7905340194702148
dvsvpiqaad.mp4,0.9312607645988464
dvtecviott.mp4,0.9565274715423584
dvtfjdkanq.mp4,0.07159412652254105
dvtiaiezhe.mp4,0.8372610211372375
dvtzvkcrku.mp4,0.6290173530578613
dvuzmqrykm.mp4,0.5825055837631226
dvvaingisq.mp4,0.9236569404602051
dvvekopjjj.mp4,0.9528747200965881
dvvffgunte.mp4,0.8798121213912964
dvvglvssak.mp4,0.9718014001846313
dvxwteqbti.mp4,0.8371081948280334
dvybyygisy.mp4,0.9881930947303772
dvyixgckvo.mp4,0.8891391158103943
dvyuxkyvws.mp4,0.8285263180732727
dvyvppiqcp.mp4,0.9700630307197571
dvyzijxwpk.mp4,0.7877121567726135
dvzazyccgb.mp4,0.13921453058719635
dvzbpciyvq.mp4,0.667678952217102
dvzikrvoam.mp4,0.7343280911445618
dvzlyikrcy.mp4,0.8950341939926147
dvzmolgimy.mp4,0.8970614075660706
dvzwkvoefx.mp4,0.06778202950954437
dvzxmhkzti.mp4,0.946418821811676
dvzzbsykab.mp4,0.839625895023346
dwbiteoown.mp4,0.886134147644043
dwbnvmlubl.mp4,0.8483327031135559
dwbowdmluw.mp4,0.75908362865448
dwbqyobupb.mp4,0.8875462412834167
dwburmdnah.mp4,0.29658350348472595
dwcmicccsa.mp4,0.7983339428901672
dwdktihpbm.mp4,0.908039391040802
dwehmdegct.mp4,0.06528399884700775
dwepeiwahc.mp4,0.46605944633483887
dwezonukuz.mp4,0.9304661154747009
dwfwzvngmw.mp4,0.38765063881874084
dwglpajork.mp4,0.7449933886528015
dwhrslidcc.mp4,0.9022035002708435
dwikmjmppn.mp4,0.8619056344032288
dwimhjnmxv.mp4,0.96932053565979
dwjhuqjqdc.mp4,0.9601650834083557
dwjqiionzx.mp4,0.9205096960067749
dwkmwwyvpj.mp4,0.7640063166618347
dwmsebyypl.mp4,0.04482476785778999
dwmuulwqpt.mp4,0.9850201606750488
dwnuedgsbk.mp4,0.8059402108192444
dwnuveeret.mp4,0.7866637706756592
dwolumdlvo.mp4,0.9125717878341675
dwpbdbpodw.mp4,0.8312461972236633
dwpjyidlfg.mp4,0.3631860315799713
dwpoopdkmp.mp4,0.28444433212280273
dwpurwnovd.mp4,0.12122977524995804
dwqbukyujc.mp4,0.925656259059906
dwqdhjlgvm.mp4,0.9352432489395142
dwqnoceslb.mp4,0.8688406348228455
dwrleiwqtb.mp4,0.0688614621758461
dwruwqicke.mp4,0.9768185615539551
dwrvthsffp.mp4,0.9524127244949341
dwtbnrjoid.mp4,0.9521158337593079
dwulcgctyu.mp4,0.8844478726387024
dwuuehrtfw.mp4,0.8826483488082886
dwuwkbiwdr.mp4,0.7919993996620178
dwvcyqnrfc.mp4,0.948614239692688
dwvozvlsna.mp4,0.8388935923576355
dwvxvbxioc.mp4,0.6093882918357849
dwvxwfoiet.mp4,0.7685629725456238
dwwsypbeok.mp4,0.9327468872070312
dwwytkheyx.mp4,0.7094722986221313
dwxbothlyp.mp4,0.2404087781906128
dwxphntupz.mp4,0.27459126710891724
dwxvxxyzgg.mp4,0.7185083031654358
dwxzgolduz.mp4,0.8958377838134766
dwyaezgzaa.mp4,0.5808932185173035
dwydctgjoi.mp4,0.9032843112945557
dwydykqtls.mp4,0.6235567331314087
dwyhwmuvkp.mp4,0.8125066161155701
dwyqnukmve.mp4,0.8473412990570068
dwzfkpasbo.mp4,0.7024732828140259
dwzimdqfbg.mp4,0.9628707766532898
dxabwtdvfh.mp4,0.05795104056596756
dxaqipdvyw.mp4,0.9222739934921265
dxcbnkgqep.mp4,0.6627101898193359
dxcdoqatqe.mp4,0.9299318194389343
dxdansstna.mp4,0.19856785237789154
dxdtcwvnsf.mp4,0.8824880123138428
dxdytmqtmx.mp4,0.8615437150001526
dxemcmxlan.mp4,0.9282813668251038
dxepehnhgm.mp4,0.15154992043972015
dxgotgmdnr.mp4,0.9346462488174438
dxgqpzshfu.mp4,0.19676202535629272
dxhgyiunie.mp4,0.9570021033287048
dxizvbkadb.mp4,0.7458018064498901
dxjahepfze.mp4,0.9857825636863708
dxkeetpqey.mp4,0.9439522624015808
dxlepkqbeh.mp4,0.9466202259063721
dxlfedxafu.mp4,0.4378340244293213
dxlpyszdqi.mp4,0.47521689534187317
dxlytaxhoe.mp4,0.3652913570404053
dxmcnxzrkc.mp4,0.5974113941192627
dxmtotjlpy.mp4,0.9516723155975342
dxopfluwmw.mp4,0.056829337030649185
dxpcynpokl.mp4,0.901005208492279
dxphlwcvan.mp4,0.7406835556030273
dxpqnkmhby.mp4,0.9192705750465393
dxpzolbzgh.mp4,0.06735239177942276
dxswqlriar.mp4,0.8394554853439331
dxttlqpkhh.mp4,0.32186248898506165
dxtztpodxl.mp4,0.9427868723869324
dxufplmrlm.mp4,0.9224053621292114
dxuxkyqhof.mp4,0.10749561339616776
dxvddjmexe.mp4,0.9525137543678284
dxvgdftehj.mp4,0.8959125876426697
dxvpdvmcjp.mp4,0.42274782061576843
dxwevhvjhm.mp4,0.8999505043029785
dxwizawmim.mp4,0.7948204278945923
dxwkixitat.mp4,0.5260912775993347
dxxxefjrdg.mp4,0.7959690093994141
dxyakiyigf.mp4,0.9167088270187378
dxydqtnkgi.mp4,0.9896643757820129
dxyhygfcry.mp4,0.9765139222145081
dxykhefnal.mp4,0.895575225353241
dxyvzmpqgp.mp4,0.9610147476196289
dxzfynmsis.mp4,0.8900624513626099
dxzgokytcd.mp4,0.08814860135316849
dxzitnlvqg.mp4,0.90962815284729
dxzyaovkks.mp4,0.935354471206665
dyanizlneu.mp4,0.9203159213066101
dybcnokooq.mp4,0.8807250261306763
dybfpqertz.mp4,0.8251863121986389
dycqaiefqc.mp4,0.9189597964286804
dycsnodlkx.mp4,0.8805709481239319
dycxvvosfn.mp4,0.41969501972198486
dydtmhlkhl.mp4,0.7977386116981506
dyesrdnfia.mp4,0.9303218722343445
dyftroxrlv.mp4,0.9850967526435852
dyggbogcao.mp4,0.9651861190795898
dygqkwggyf.mp4,0.8431930541992188
dygsjlcqut.mp4,0.9494173526763916
dygvvksupx.mp4,0.6402813792228699
dyhnlrkhki.mp4,0.8972797393798828
dyifxrijyv.mp4,0.9900001287460327
dyjgbbvocn.mp4,0.7210069894790649
dyjtfbqrmt.mp4,0.6182616949081421
dykdovyrzi.mp4,0.9720335006713867
dykyivrvxo.mp4,0.8985594511032104
dylfraworx.mp4,0.9766309261322021
dylmbeyjub.mp4,0.06025034189224243
dymnwzerlb.mp4,0.555387020111084
dymulfowor.mp4,0.8768888711929321
dymuwnxxuc.mp4,0.9672951698303223
dymxcnijsb.mp4,0.971095621585846
dynmsxtbup.mp4,0.8193913102149963
dyocqhemds.mp4,0.9021007418632507
dyotjlcnhf.mp4,0.9216952919960022
dyowjilyiv.mp4,0.940155029296875
dypncubgem.mp4,0.9763538241386414
dyprovhtkx.mp4,0.7441412806510925
dyqeddqknx.mp4,0.8229893445968628
dyqggzcpxc.mp4,0.9318365454673767
dyrcppjudh.mp4,0.7948094606399536
dyrparmuyd.mp4,0.7927275896072388
dysayreyzb.mp4,0.27863115072250366
dysijtsjkv.mp4,0.9103847146034241
dytbiqhhzf.mp4,0.8025422096252441
dythhiiokb.mp4,0.0682857409119606
dytpllwlko.mp4,0.6643034219741821
dyuirqtols.mp4,0.7368274927139282
dyukishyle.mp4,0.9309017062187195
dyuxqtrhxj.mp4,0.9246930480003357
dyvudcaipy.mp4,0.6832513213157654
dyvvxwyrau.mp4,0.8508182168006897
dywegzqyel.mp4,0.10490737110376358
dywsegvtvy.mp4,0.9210447669029236
dyxbmpetbl.mp4,0.9654871225357056
dyxdggbmgk.mp4,0.6798921227455139
dyxhwddplw.mp4,0.9787188172340393
dyxmvodnfp.mp4,0.9122562408447266
dyyemtaizw.mp4,0.7345142364501953
dyzgapdmtk.mp4,0.43080446124076843
dyzjiomjcd.mp4,0.9158751368522644
dyzkwqexox.mp4,0.9238362908363342
dyzlyeclbs.mp4,0.8036580681800842
dyzowrafjy.mp4,0.9706130027770996
dzakrufkag.mp4,0.9775694012641907
dzauhngzwk.mp4,0.8153384923934937
dzbptdqivh.mp4,0.7514656782150269
dzbtoxlwnc.mp4,0.9006819725036621
dzcdamilyz.mp4,0.8423519730567932
dzdiqfvapz.mp4,0.916455090045929
dzelmotnxm.mp4,0.8825139403343201
dzerihccix.mp4,0.9168012142181396
dzgfolcvpq.mp4,0.929315447807312
dzgfxjhife.mp4,0.9371058940887451
dzhethcpbw.mp4,0.07708153873682022
dzhkiyfivt.mp4,0.07218955457210541
dzhrumagfs.mp4,0.9397091865539551
dzhugeqyah.mp4,0.9297468066215515
dziomdvusw.mp4,0.909544050693512
dzjgfpssjx.mp4,0.898907482624054
dzjikkybip.mp4,0.8293933868408203
dzjsckzcmq.mp4,0.891575813293457
dzjzsbobdm.mp4,0.9648424386978149
dzkfjraptq.mp4,0.9313914179801941
dzlkulrplo.mp4,0.8466027975082397
dzlnrbwdda.mp4,0.9377073049545288
dzlvydjnkp.mp4,0.9227327108383179
dzmdabeasy.mp4,0.9643645286560059
dzmynqyozi.mp4,0.6258394122123718
dznchaiaqh.mp4,0.15497960150241852
dznjykynmf.mp4,0.8608816266059875
dznofrvkfp.mp4,0.9797412157058716
dznonnujmx.mp4,0.9828311204910278
dzptrcpemh.mp4,0.8959731459617615
dzpychqarm.mp4,0.09072668850421906
dzqirzkwon.mp4,0.06430535763502121
dzqnkdwrph.mp4,0.902702808380127
dzrgflxexs.mp4,0.106593057513237
dzrjhrbppm.mp4,0.8812955617904663
dzrtfcvmxm.mp4,0.06794030964374542
dzsgbnotgw.mp4,0.914391815662384
dzstrtwvix.mp4,0.9520769119262695
dztfgwfowu.mp4,0.955223023891449
dztivnzyod.mp4,0.6139246225357056
dzuliuxzcj.mp4,0.9318479299545288
dzutxqywjo.mp4,0.9171300530433655
dzuxxgokdh.mp4,0.8544445633888245
dzvaykngjf.mp4,0.8926704525947571
dzvijsbblm.mp4,0.488150417804718
dzvxnkvwon.mp4,0.8390256762504578
dzxiokxmzp.mp4,0.050763096660375595
dzxiwecdvq.mp4,0.8508606553077698
dzxqjtzzjp.mp4,0.7697210311889648
dzxsudpvwm.mp4,0.9474846720695496
dzxtgayaos.mp4,0.9659518599510193
dzyayxyzbx.mp4,0.8957658410072327
dzymzqavcd.mp4,0.9505537748336792
dzywbvexqk.mp4,0.21868301928043365
dzzbigqcpf.mp4,0.8697329163551331
dzzevfhzgv.mp4,0.5
dzzinekulq.mp4,0.8770967721939087
dzztxvsixn.mp4,0.9491086602210999
eaaksafhqq.mp4,0.9273673295974731
eaapbktdnv.mp4,0.8858556747436523
eaaysmdwlq.mp4,0.9254570603370667
eabghyltka.mp4,0.8843374848365784
eabucrvsij.mp4,0.04193681851029396
eabyiybnkn.mp4,0.10750120878219604
eabzzdgsfx.mp4,0.9789405465126038
eacjsuqenz.mp4,0.23621098697185516
eacsjvcmlp.mp4,0.7492402195930481
eadirncnsr.mp4,0.8779714107513428
eadunjmjwk.mp4,0.8951956033706665
eaevlthzlv.mp4,0.8353544473648071
eagawpusdy.mp4,0.7634158134460449
eagiowqlut.mp4,0.7819378972053528
eagzlzukzh.mp4,0.9047983288764954
eahfxxbwtf.mp4,0.9635976552963257
eahgjoumll.mp4,0.948159396648407
eahhbyqhgj.mp4,0.8891918659210205
eahsqrwwum.mp4,0.9574411511421204
eaikuhffkj.mp4,0.9831923246383667
eajtsffbsf.mp4,0.9753856658935547
eajucugllb.mp4,0.9001675248146057
ealguqfocu.mp4,0.9109557867050171
ealngzauwe.mp4,0.6732267737388611
ealtwtwcbq.mp4,0.9480074048042297
ealvekafep.mp4,0.7785760760307312
eamixkghtw.mp4,0.8740617632865906
eamrsjonro.mp4,0.752357542514801
eanspddxov.mp4,0.957192599773407
eaolaqoahr.mp4,0.28491994738578796
eaqfgjytez.mp4,0.5277013182640076
eaqkzccyga.mp4,0.9408887624740601
eaqpooegza.mp4,0.8982983231544495
eaqqrmewhd.mp4,0.07559771090745926
earcinbicd.mp4,0.11069110780954361
earyrbmojv.mp4,0.263387531042099
eatqiqtytv.mp4,0.8817499279975891
eauzbdfdsx.mp4,0.8953396677970886
eaveotxisi.mp4,0.8022475838661194
eaxkilqqgu.mp4,0.2034798264503479
eaxmcrkbtm.mp4,0.1446567326784134
eayzufzneh.mp4,0.769795298576355
eazsywdpgh.mp4,0.9222753643989563
eaztsmksng.mp4,0.8989226818084717
eazuxemota.mp4,0.27620697021484375
ebafpavapo.mp4,0.8756269216537476
ebagtzwylp.mp4,0.09044355154037476
ebakrsmaqv.mp4,0.680343508720398
ebaopkgfpx.mp4,0.9280373454093933
ebavidcenm.mp4,0.9695746302604675
ebcviipxzp.mp4,0.8039471507072449
ebdlffrebe.mp4,0.8793134689331055
ebdysevkut.mp4,0.534174382686615
ebeaounzou.mp4,0.7214006781578064
ebejzdkxll.mp4,0.24469542503356934
ebenjegtdw.mp4,0.7384520173072815
ebenvuuxld.mp4,0.06773050129413605
ebfasahlma.mp4,0.9448843598365784
ebffuhuesn.mp4,0.7618053555488586
ebfqwugmjo.mp4,0.9670045375823975
ebfzzxgswf.mp4,0.9623349905014038
ebgmolbmjs.mp4,0.9546999335289001
ebhimgkrjz.mp4,0.8116755485534668
ebhmsikovp.mp4,0.37489551305770874
ebhzhkizzd.mp4,0.8776514530181885
ebjcqjslzz.mp4,0.621241569519043
ebjdkllijf.mp4,0.798080325126648
ebjflxoidl.mp4,0.9133553504943848
ebjloshjfk.mp4,0.7115616798400879
ebkcxeqyab.mp4,0.7715525031089783
ebkgmakwhy.mp4,0.38423609733581543
ebkowxhori.mp4,0.07831453531980515
eblzoeldgf.mp4,0.9482547044754028
ebmgcemgbu.mp4,0.7938364148139954
ebmintmsej.mp4,0.9545202851295471
ebmkpusppg.mp4,0.8773267865180969
ebmnymgbgm.mp4,0.7756824493408203
ebmotsujrb.mp4,0.7924882769584656
ebnlvzkonj.mp4,0.6085349917411804
ebnswzlvrn.mp4,0.9402081370353699
ebofoaidos.mp4,0.06151514872908592
ebonugqvvy.mp4,0.48396801948547363
ebopmkcizs.mp4,0.9293907880783081
eboqtnoxkv.mp4,0.08819306641817093
ebpyicqwue.mp4,0.6301074028015137
ebrsglqviz.mp4,0.9301430583000183
ebrtmonrma.mp4,0.8386461734771729
ebsvuoccfd.mp4,0.925190806388855
ebtgcelpdh.mp4,0.8737881779670715
ebtkdczsdq.mp4,0.6009898781776428
ebubrjyqns.mp4,0.9507167339324951
ebubysoxsl.mp4,0.9155133366584778
ebuejzauxq.mp4,0.07326614111661911
ebuthbfhyn.mp4,0.9310782551765442
ebvanagxbt.mp4,0.9008781313896179
ebvmlmfspr.mp4,0.9296956658363342
ebwirtdlkj.mp4,0.9619704484939575
ebwjtjcspx.mp4,0.9308881163597107
ebxnhqeaab.mp4,0.09138552844524384
ebxrckrvig.mp4,0.9099295735359192
ebydtebztb.mp4,0.9481627345085144
ebzsbvkutx.mp4,0.9166260361671448
ebzspprfny.mp4,0.8751895427703857
ecaetyjowd.mp4,0.6179053783416748
ecaokdxkyd.mp4,0.9145592451095581
ecbdlzgwnb.mp4,0.45230749249458313
ecbdylimvv.mp4,0.9021293520927429
eccpdfpjel.mp4,0.06683921068906784
ececuhyxce.mp4,0.9056829214096069
eceeqbggko.mp4,0.9195547699928284
ecepjwtain.mp4,0.8999003171920776
ecetgjzzxa.mp4,0.9780418276786804
ecfcmnyxzr.mp4,0.853257954120636
ecfvkaewto.mp4,0.821122407913208
ecgvpejkiz.mp4,0.9194449782371521
eciaaifomk.mp4,0.8933951258659363
eciqmzhjpv.mp4,0.9003742337226868
eciwkxuihs.mp4,0.9573472142219543
eclbfxrelo.mp4,0.9265433549880981
eclmwgvast.mp4,0.6804879903793335
eclnhayuzs.mp4,0.9852530360221863
eclnowceyi.mp4,0.9036803245544434
eclpgjjies.mp4,0.5464017987251282
ecmqlztklx.mp4,0.9493022561073303
ecndenhhar.mp4,0.9086637496948242
ecnhovxzfr.mp4,0.8404526710510254
ecnuekyfvy.mp4,0.07993155717849731
ecpcukyzsu.mp4,0.6783865094184875
ecpoizyscr.mp4,0.09395897388458252
ecptxiqiqp.mp4,0.8940685391426086
ecqzntbaqf.mp4,0.9714831113815308
ecrskxqpav.mp4,0.8733749389648438
ecscbclfaa.mp4,0.9154755473136902
ecsjgdocyg.mp4,0.9843516945838928
ecsjyvknwr.mp4,0.9843270778656006
ectccevjdi.mp4,0.9511241912841797
ecudvgsqtg.mp4,0.9649708867073059
ecutcsdroz.mp4,0.9196349382400513
ecveihaltc.mp4,0.9162673354148865
ecvmcszigb.mp4,0.9398646950721741
ecwmsjcmfo.mp4,0.43469637632369995
ecydbcaucn.mp4,0.9086809158325195
eczcpjxzwv.mp4,0.5712548494338989
eczejwdufy.mp4,0.13425227999687195
eczoulhdgj.mp4,0.918769896030426
edanjkaglb.mp4,0.8633878827095032
edavfjsjzw.mp4,0.11268811672925949
edbpulmoms.mp4,0.17102763056755066
edcfsbfmgq.mp4,0.7603346109390259
edcmufkmfj.mp4,0.9314325451850891
eddfbqjngn.mp4,0.955385684967041
eddocxyxea.mp4,0.8605816960334778
eddqbbzglr.mp4,0.6367936730384827
edemmtmucu.mp4,0.9210468530654907
edeswiwtiy.mp4,0.09386826306581497
edevpyuazf.mp4,0.2319064885377884
edfmwxmirk.mp4,0.9616283178329468
edgruppmkq.mp4,0.8648070096969604
edgznrmukf.mp4,0.8584871292114258
edixsialsl.mp4,0.7507754564285278
edjfbhwszx.mp4,0.8884319067001343
edjsytrrth.mp4,0.6946415901184082
edjycjxyyn.mp4,0.6251107454299927
edldghszvx.mp4,0.19575531780719757
edmmhxrwls.mp4,0.6836984753608704
edmuvmtcde.mp4,0.7025691866874695
edmvpoaniw.mp4,0.7858221530914307
ednakzreoi.mp4,0.9751710891723633
edntyxboxd.mp4,0.9173483848571777
ednucjfqso.mp4,0.7707676887512207
ednvnkmnze.mp4,0.9595970511436462
ednxpkgmqz.mp4,0.8908270597457886
edodholdem.mp4,0.8361639380455017
edosobmtzq.mp4,0.2584979832172394
edovkrceaj.mp4,0.9808548092842102
edovmwavuw.mp4,0.47856366634368896
edpbqnwtho.mp4,0.9395638704299927
edpffjbmai.mp4,0.897599995136261
edpgkratsh.mp4,0.5607874989509583
edpjgsunfy.mp4,0.8187371492385864
edryvpqidj.mp4,0.7560033202171326
edsjrpcbqk.mp4,0.9668227434158325
edsxkhhcmd.mp4,0.8378949761390686
edtccalvgr.mp4,0.5761982202529907
edukarxbph.mp4,0.919547975063324
eduxitjqlq.mp4,0.8908784985542297
edvlekdczt.mp4,0.8837220668792725
edvtyrosef.mp4,0.8830251097679138
edvyiiycqu.mp4,0.1277868002653122
edvyxmzpoy.mp4,0.4739452004432678
edwbjpderw.mp4,0.8229994177818298
edweilpuxf.mp4,0.9130660891532898
edwmmaidud.mp4,0.1312379390001297
edwqoonrkm.mp4,0.5116103291511536
edylmobkop.mp4,0.5066580772399902
eeaowdnspv.mp4,0.8831071853637695
eebtzyoqyd.mp4,0.0726456567645073
eecjlreedm.mp4,0.9509938955307007
eecvubghfz.mp4,0.9689631462097168
eedwazoljh.mp4,0.9644525051116943
eedwyzhipo.mp4,0.9440082907676697
eeekohpfpm.mp4,0.9260239601135254
eeeuyarirv.mp4,0.8786843419075012
eeeuzozcdc.mp4,0.9257881045341492
eeevqpmusf.mp4,0.2465583235025406
eeexurxfne.mp4,0.8297081589698792
eegeqglget.mp4,0.9228730797767639
eegzqcqtrm.mp4,0.8981038928031921
eehgcdgiok.mp4,0.07748179137706757
eehmfwoqrp.mp4,0.8904182314872742
eeiabruiqj.mp4,0.9017001986503601
eejdelozuo.mp4,0.9376733899116516
eejgkudwwg.mp4,0.766782820224762
eejnusvlxl.mp4,0.9653124213218689
eejsansfwg.mp4,0.9609231948852539
eekftvuvcl.mp4,0.4049377143383026
eeldudssre.mp4,0.4967668950557709
eelegoxjwv.mp4,0.4217602610588074
eempfhjvbl.mp4,0.837592363357544
eencgyhphy.mp4,0.9384820461273193
eenmkbzwie.mp4,0.6813172101974487
eeohcepxjm.mp4,0.9123778939247131
eephmartuo.mp4,0.7427938580513
eepogoslrw.mp4,0.9831380844116211
eepqrmtrdk.mp4,0.8008105158805847
eepqzrqyvg.mp4,0.9366657137870789
eepubbscmz.mp4,0.9117825627326965
eeqfqxwenp.mp4,0.790588915348053
eeqtqmhxhc.mp4,0.7194561958312988
eeqxajletz.mp4,0.3743491470813751
eeqxmjwbhi.mp4,0.9859085083007812
eeriyvjsek.mp4,0.7525613903999329
eerksicnlb.mp4,0.18429651856422424
eerytoiriw.mp4,0.8957617282867432
eetigtaciw.mp4,0.16944172978401184
eeuekpiwkh.mp4,0.06498438864946365
eeuhwigdaq.mp4,0.9466877579689026
eewysqrcjf.mp4,0.5206327438354492
eexqilyakb.mp4,0.8224905133247375
eeyrbkikrn.mp4,0.5964149236679077
eezmfnvxxt.mp4,0.7648880481719971
efaiqwiifj.mp4,0.043516095727682114
efakoetljk.mp4,0.8950835466384888
efazuieysm.mp4,0.8560998439788818
efbibsmgpw.mp4,0.36397436261177063
efbkgcgnnk.mp4,0.9162492752075195
efbmvocbli.mp4,0.8432065844535828
efbsmnanjr.mp4,0.9238064289093018
efbwpzryhw.mp4,0.07339462637901306
efcdxjwwih.mp4,0.3228040337562561
efclidoyxb.mp4,0.9011325836181641
efdclayinw.mp4,0.9119929075241089
efdidhtpfe.mp4,0.9759466052055359
efdtgxwvqz.mp4,0.8406660556793213
efdzfglkij.mp4,0.9855658411979675
efekpstvwa.mp4,0.7953731417655945
efelqzmraz.mp4,0.9130497574806213
efeshzcjpb.mp4,0.9236687421798706
efexumqepp.mp4,0.9626966714859009
efezbuuywa.mp4,0.8836432695388794
effavbfvay.mp4,0.9031432271003723
effbozsxwq.mp4,0.07578140497207642
effdaakkfi.mp4,0.9053496718406677
effgbuweip.mp4,0.8840418457984924
efgbikipop.mp4,0.6259467601776123
efgqvhbfqj.mp4,0.9468894004821777
efgvueaxxb.mp4,0.9552394151687622
efhxffocsi.mp4,0.8789753317832947
efianwppfc.mp4,0.9175459742546082
eficoxxbuo.mp4,0.8207470178604126
efifcvxhrj.mp4,0.905032753944397
efipryhtum.mp4,0.21973803639411926
efjsowsghk.mp4,0.9899072051048279
efjtzmmzrw.mp4,0.09026141464710236
efkafgubac.mp4,0.913266122341156
efktkdkcmi.mp4,0.0749158188700676
eflhlqmvek.mp4,0.7131562232971191
eflszerajt.mp4,0.8701281547546387
efmefgbbmk.mp4,0.9595103859901428
efmkwlqfip.mp4,0.863061785697937
efmnwgoyrj.mp4,0.8817480802536011
efmtxmmbfk.mp4,0.3027030825614929
efnhvieljj.mp4,0.0789281576871872
efoiowmcxr.mp4,0.9107880592346191
efosnegbxc.mp4,0.9535409212112427
efplrldzjr.mp4,0.953423261642456
efpwzhmwot.mp4,0.8220322132110596
efqcwnyqdu.mp4,0.9568049311637878
efqfomvqac.mp4,0.757556676864624
efrairxdnm.mp4,0.2017316222190857
efsctplmax.mp4,0.98830246925354
efsjmhfaee.mp4,0.7218630909919739
efstpwwzpb.mp4,0.057896990329027176
efsukarxtn.mp4,0.9405791759490967
efsxoprojd.mp4,0.975829541683197
eftlgmpiaw.mp4,0.5969334840774536
eftsoaodey.mp4,0.9335654377937317
efttfxdapw.mp4,0.6327555179595947
efudijaxql.mp4,0.9422728419303894
efudwfbimj.mp4,0.1566890925168991
efufmaxost.mp4,0.9771546721458435
efuwlafayn.mp4,0.896835446357727
efvsfftuqr.mp4,0.9415338039398193
efwctulsjy.mp4,0.9694216251373291
efwonrvqvy.mp4,0.7935450673103333
efwvynstiq.mp4,0.8277654051780701
efxbkgszyu.mp4,0.6989957094192505
efxkpdxsjs.mp4,0.9434753060340881
efydxghsro.mp4,0.9558999538421631
efyphrhpsw.mp4,0.9086233377456665
efyvmzqltw.mp4,0.6904226541519165
efzotvfgsh.mp4,0.9398857355117798
efzqlpbdfm.mp4,0.04564341530203819
efzuagfooh.mp4,0.3467935621738434
egagtyxwzl.mp4,0.7937688827514648
egamepwdao.mp4,0.9285792708396912
egbgzhqgwd.mp4,0.8490211367607117
egbkdnafdv.mp4,0.8058212399482727
egbllgwolp.mp4,0.9386260509490967
egbraautld.mp4,0.9742956757545471
egcaufhmql.mp4,0.9197975397109985
egcggwtorf.mp4,0.16071093082427979
egcizcdwjn.mp4,0.9202116131782532
egcliesbel.mp4,0.8587519526481628
egclqvbnus.mp4,0.4132081866264343
egcnwhidnx.mp4,0.9673576354980469
egcovnwlvk.mp4,0.9773709774017334
egcugeafxw.mp4,0.7765381336212158
egdhgkhcwo.mp4,0.9094964265823364
egdsycypqd.mp4,0.8950331807136536
egeazrsikj.mp4,0.9341656565666199
egeomopbmn.mp4,0.08068107813596725
egfscjuldp.mp4,0.8818861842155457
egfuigjmtu.mp4,0.9134963750839233
eghhfgzxme.mp4,0.9742170572280884
eghloowibn.mp4,0.4049191176891327
eghvuzdbpi.mp4,0.7931809425354004
egidkvnqlz.mp4,0.7109143137931824
egjrqbcgym.mp4,0.9788395762443542
egjwyrjipy.mp4,0.48325788974761963
egkddnuimv.mp4,0.4792543351650238
egkqlmafpr.mp4,0.20525959134101868
egkwbrsnbl.mp4,0.9481810331344604
egkzonvoze.mp4,0.9760465025901794
eglbpmqqbu.mp4,0.9868297576904297
eglmnhfbop.mp4,0.8083884716033936
eglxlqogub.mp4,0.7077838182449341
egmweglpxm.mp4,0.8763909339904785
egnqyvikah.mp4,0.9640812873840332
egnwccuxvw.mp4,0.8873832821846008
egolbmkdql.mp4,0.9031372666358948
egoxvspxpt.mp4,0.9664685130119324
egpvnriqsj.mp4,0.8309016227722168
egqkdzwaxb.mp4,0.9593815207481384
egqszphwcg.mp4,0.9900000691413879
egqugnqibo.mp4,0.8666688203811646
egrpjvuozo.mp4,0.9885197877883911
egrrujwgsm.mp4,0.05419531837105751
egrtychdmx.mp4,0.8779544830322266
egsaglisze.mp4,0.7208099961280823
egtrjvgggy.mp4,0.5855685472488403
egtxdxsgxa.mp4,0.967868447303772
egvkxaaams.mp4,0.9630882740020752
egvnshhsod.mp4,0.10603006929159164
egvtogliqb.mp4,0.8532537817955017
egwapsifcv.mp4,0.8380326628684998
egwodjebum.mp4,0.9851714372634888
egwzzhemvk.mp4,0.9313657879829407
egxbehzmza.mp4,0.08887303620576859
egydpqaqrc.mp4,0.9351565837860107
egyemqrvna.mp4,0.35231107473373413
egykjflrjp.mp4,0.07470934838056564
egyxkzfdec.mp4,0.8182762861251831
egzdspgmem.mp4,0.7030445337295532
egzfaoiuwo.mp4,0.035966191440820694
egztpetrgt.mp4,0.8719971776008606
eharakfchp.mp4,0.9118317365646362
ehcezdniyx.mp4,0.09078217297792435
ehdyzxlyra.mp4,0.9323067665100098
ehdzakapuz.mp4,0.9325923323631287
ehetlufgmx.mp4,0.04053565487265587
eheuapnenp.mp4,0.7272573113441467
ehexpzhdjn.mp4,0.9697592258453369
ehfrnagsqf.mp4,0.09215693920850754
ehftosntej.mp4,0.7633812427520752
ehglixdkng.mp4,0.6344451308250427
ehjkdsbmcm.mp4,0.9315851330757141
ehjkvtgdkm.mp4,0.8991163969039917
ehkhjxtdzp.mp4,0.981460690498352
ehlhxncasy.mp4,0.9050203561782837
ehlzgsgrgm.mp4,0.7015618085861206
ehmlnfjniv.mp4,0.7768070101737976
ehmtrgjafl.mp4,0.9270133972167969
ehmvilvlvj.mp4,0.863408088684082
ehmxtsynns.mp4,0.9150861501693726
ehnvjqosux.mp4,0.6935068368911743
ehobuslnal.mp4,0.09361324459314346
ehodfjcnbc.mp4,0.9192495942115784
ehojxfiaap.mp4,0.9167666435241699
ehovqehcia.mp4,0.9007313251495361
ehpqtlflru.mp4,0.9509267210960388
ehprcizkpq.mp4,0.9034186005592346
ehpwmtyvwm.mp4,0.1977224051952362
ehqfpnfynf.mp4,0.6359704732894897
ehqyvztebg.mp4,0.4641001224517822
ehrbdspppd.mp4,0.9790579080581665
ehsxbdyiog.mp4,0.38240960240364075
ehtbcrzwed.mp4,0.6240903735160828
ehtbiqorco.mp4,0.9519281387329102
ehtdvrunlh.mp4,0.7587273120880127
ehtvcnlsfl.mp4,0.9546740651130676
ehudnzecnx.mp4,0.8911584615707397
ehvdzmzoiq.mp4,0.8495397567749023
ehvjruzsyj.mp4,0.9466054439544678
ehvvslnvry.mp4,0.9093859791755676
ehwcyxmtmb.mp4,0.9050867557525635
ehwhbqciyf.mp4,0.5936251878738403
ehwjfenbgu.mp4,0.8197647333145142
ehwoohpulw.mp4,0.8904209733009338
ehwxlndsmd.mp4,0.9524928331375122
ehxxnbbgbf.mp4,0.7137420773506165
ehxzrvgvtx.mp4,0.9766417741775513
ehybveurpz.mp4,0.9078450798988342
ehyfxxxftq.mp4,0.5094142556190491
ehzfwxkwhd.mp4,0.9779046177864075
eibcvggmsf.mp4,0.8572714328765869
eibeoodnpu.mp4,0.8769658803939819
eiblikazji.mp4,0.9240942001342773
eibvbudwaa.mp4,0.8436222076416016
eibvvpheen.mp4,0.5023242235183716
eiciutahwn.mp4,0.8143554925918579
eicngtwvoh.mp4,0.14204932749271393
eiczxyyqbi.mp4,0.8933322429656982
eiduiphlgm.mp4,0.8934611082077026
eiewfmymhx.mp4,0.5567969083786011
eifdjwcjnq.mp4,0.7177652716636658
eifujvlrzd.mp4,0.9366284608840942
eiheiceuxo.mp4,0.7650802135467529
eihucwigue.mp4,0.7963793277740479
eihxhddeou.mp4,0.5178424119949341
eiiizbbmop.mp4,0.9178628325462341
eiitvcurxz.mp4,0.5874083638191223
eijbjnpqua.mp4,0.9186749458312988
eijchtxdae.mp4,0.8437076210975647
eijuqrgaqp.mp4,0.16608399152755737
eikgmiykos.mp4,0.8390841484069824
eikgoxbhht.mp4,0.34024450182914734
eiklavlmtk.mp4,0.9227159023284912
eilxyvmvvn.mp4,0.8887297511100769
eindiyyyec.mp4,0.9570001363754272
einuilwwyq.mp4,0.9760473370552063
einzjxuova.mp4,0.951816201210022
eiozvdohir.mp4,0.8713380694389343
eipgrasgik.mp4,0.9608467221260071
eiqjqnjdpj.mp4,0.9760085940361023
eirhvynauf.mp4,0.9064940810203552
eirndiltfu.mp4,0.9870481491088867
eisgeotlay.mp4,0.891182541847229
eissylsysf.mp4,0.7771345973014832
eitvkszvas.mp4,0.8755066990852356
eitzzrryrp.mp4,0.9472144842147827
eiumscwqwk.mp4,0.6563442349433899
eiuqpbsxvv.mp4,0.7265218496322632
eivjfbudaj.mp4,0.8805475831031799
eiwwftakrx.mp4,0.1067482978105545
eixapfhlww.mp4,0.8813105821609497
eixntxxxcl.mp4,0.9451601505279541
eiygtsqxco.mp4,0.19381093978881836
eiyhctwtne.mp4,0.8991411328315735
eiyjrjgvih.mp4,0.06195306405425072
eiyozfeewp.mp4,0.9621594548225403
eizdnwhclo.mp4,0.8593619465827942
ejarlcecxs.mp4,0.22637006640434265
ejaydbdptx.mp4,0.8994666337966919
ejcglpcihz.mp4,0.4171808958053589
ejdscdudfg.mp4,0.8655394911766052
ejduevqyce.mp4,0.1251644641160965
ejelabznep.mp4,0.8990389704704285
ejemhaucbz.mp4,0.9034260511398315
ejeucyrpbn.mp4,0.5759137272834778
ejevdfyyzw.mp4,0.9009537100791931
ejewrmwvbs.mp4,0.9618819355964661
ejfqzyxrqc.mp4,0.9819189310073853
ejgnnocwwf.mp4,0.9228213429450989
ejgukcmwdk.mp4,0.9519951939582825
ejhhriogdr.mp4,0.8187875747680664
ejhxgasndv.mp4,0.09354215115308762
ejiegvzplj.mp4,0.4343409538269043
ejihadjcos.mp4,0.6000739932060242
ejihiqyvtf.mp4,0.07433588057756424
ejijwbwnkv.mp4,0.9207122325897217
ejivdcrlnv.mp4,0.9450579285621643
ejkjrdkwci.mp4,0.9709984064102173
ejklzppjqd.mp4,0.9773964285850525
ejkmfyvlwa.mp4,0.934351921081543
ejldxbgeiz.mp4,0.9167773127555847
ejmmjzxuon.mp4,0.9731451272964478
ejncblwuej.mp4,0.9611031413078308
ejobauwpjq.mp4,0.8768507242202759
ejpftkbwln.mp4,0.887585461139679
ejpywzaser.mp4,0.8948888182640076
ejqkcermdx.mp4,0.37352609634399414
ejrbdkjhhn.mp4,0.8502522110939026
ejsnniudtz.mp4,0.21386836469173431
ejtimuprkr.mp4,0.5116047263145447
ejtoceqagd.mp4,0.7008305191993713
ejtondldnk.mp4,0.7089254856109619
ejufyjjskz.mp4,0.8205931186676025
ejughyndqp.mp4,0.8852264881134033
ejvekgctfu.mp4,0.896640956401825
ejvhpsisii.mp4,0.9155873656272888
ejvpuctmyr.mp4,0.8753730058670044
ejvqsahfcz.mp4,0.9092772006988525
ejvutjytwt.mp4,0.9238293766975403
ejwkklumeg.mp4,0.06052383780479431
ejwwivhszc.mp4,0.9308979511260986
ejxniublbo.mp4,0.8191206455230713
ejxrhjfhak.mp4,0.8423774838447571
ejybewlkze.mp4,0.9760563373565674
ejyhzcuytn.mp4,0.8891852498054504
ejymqfawpz.mp4,0.7741150259971619
ejyoybicax.mp4,0.7312502264976501
ejzkecngzf.mp4,0.8034602403640747
ekakeosslm.mp4,0.9219163060188293
ekbcrbtmmc.mp4,0.09517104178667068
ekbeqygtrq.mp4,0.22761516273021698
ekblnquxhq.mp4,0.19916117191314697
ekbntmuqhj.mp4,0.06114634498953819
ekbnytgwbc.mp4,0.7389646172523499
ekbqwgwevm.mp4,0.36928659677505493
ekbywoogqt.mp4,0.8433225750923157
ekcztejffy.mp4,0.2267211228609085
ekdgndagyc.mp4,0.5283966064453125
ekdytdjsax.mp4,0.4640316069126129
ekelpjsrmk.mp4,0.9119574427604675
ekensuxkkt.mp4,0.7634525299072266
ekexblgylm.mp4,0.2118551880121231
ekfhckgwbe.mp4,0.9326955676078796
ekfjpswjug.mp4,0.47522446513175964
ekfknmwrev.mp4,0.8931087255477905
ekgccotacg.mp4,0.9357254505157471
ekgojnyvby.mp4,0.7051790952682495
ekhjgthkoc.mp4,0.9762518405914307
ekhqsatjuo.mp4,0.8415393233299255
ekidiquivf.mp4,0.8707188963890076
ekihvvriqm.mp4,0.7781769037246704
ekinylkxkt.mp4,0.9650112986564636
ekjgzumgtq.mp4,0.29588985443115234
ekjifbzrfr.mp4,0.9636766910552979
ekkksdqgzl.mp4,0.9335052967071533
ekkufyfcon.mp4,0.14792725443840027
ekldiuludx.mp4,0.9684392213821411
eklgbwceyi.mp4,0.9695270657539368
ekllmudlwi.mp4,0.9506915211677551
eklmkbktzs.mp4,0.8789010047912598
eklmqoycqb.mp4,0.9719549417495728
ekmbotgxyr.mp4,0.09249211102724075
ekmpricrrr.mp4,0.9445205330848694
ekmwbuaedp.mp4,0.958962082862854
ekndxpycvw.mp4,0.9700759649276733
ekoyxvfxwi.mp4,0.9049973487854004
ekozfobxxw.mp4,0.9565998911857605
ekppovddnl.mp4,0.6277183890342712
ekqtlhsclp.mp4,0.10534299165010452
ekquarsplg.mp4,0.9890963435173035
ekreepcbid.mp4,0.22796489298343658
ekrooluwcl.mp4,0.8675130009651184
ektblhodgo.mp4,0.8232471942901611
ektcauseus.mp4,0.7392066121101379
ektrtuwidv.mp4,0.8454214930534363
ektwmkryvm.mp4,0.866550862789154
ekunwvpbzd.mp4,0.8648862838745117
ekusbammok.mp4,0.7166483998298645
ekutbiitqk.mp4,0.2905966341495514
ekvapshklb.mp4,0.309856653213501
ekvhyeycpr.mp4,0.12997378408908844
ekvwqojmnz.mp4,0.9558877348899841
ekwczkvszi.mp4,0.7724841237068176
ekwglpkqms.mp4,0.9698461294174194
ekwhsbcxdd.mp4,0.9738326072692871
ekxiidkjpq.mp4,0.881401777267456
ekxjfqulyc.mp4,0.23013034462928772
ekxowxtdfj.mp4,0.883701741695404
ekxsduhvwh.mp4,0.06356876343488693
ekxsotfdup.mp4,0.9319174289703369
ekxxlzflnb.mp4,0.9339902997016907
ekydnznbkd.mp4,0.9594355821609497
ekyqfnbgrm.mp4,0.9496716856956482
ekyycsaoqv.mp4,0.36696216464042664
ekzfjqzrnp.mp4,0.5344548225402832
ekzgrobucr.mp4,0.8035975694656372
ekziyatdew.mp4,0.9420106410980225
ekzlovqjbv.mp4,0.9433322548866272
ekzojdwvzr.mp4,0.956758439540863
ekzrprxyby.mp4,0.8749427199363708
ekzsevwpij.mp4,0.41658923029899597
ekzuhbtnqf.mp4,0.3551936447620392
elbcgmkdrw.mp4,0.11824295669794083
elbcslsoee.mp4,0.9016513228416443
elbelnfogt.mp4,0.8849871754646301
elbmrziana.mp4,0.8907018303871155
elboymgolh.mp4,0.8765702843666077
elbqkcpape.mp4,0.32221725583076477
elcnndreoc.mp4,0.94111168384552
elcolhrlnp.mp4,0.9722998738288879
eldfrkuxtd.mp4,0.9736472964286804
eleccezzfk.mp4,0.982099711894989
elefkzmxey.mp4,0.15254569053649902
elepzolpfv.mp4,0.46465054154396057
elernullyn.mp4,0.9160823225975037
eleyeeybqi.mp4,0.08857133984565735
elfqgfzyid.mp4,0.7518970370292664
elhiudovby.mp4,0.780685305595398
eliazncrwl.mp4,0.08762911707162857
elibzwmjie.mp4,0.2851236164569855
elikgbssgh.mp4,0.9605100750923157
elimogcqmt.mp4,0.9071502089500427
elinrhmuzg.mp4,0.5293869376182556
eljtgmcpfw.mp4,0.7715214490890503
eljvhsixvx.mp4,0.05042097344994545
elkvwoacwh.mp4,0.7405012845993042
ellerbzgmz.mp4,0.9882369637489319
elljrxzeau.mp4,0.8391259908676147
ellvxntech.mp4,0.9135743975639343
elondavtxd.mp4,0.9201502799987793
elovfrblwp.mp4,0.8947431445121765
elqbvncdpe.mp4,0.9057787656784058
elqwqccmot.mp4,0.90394127368927
elrkacifos.mp4,0.8900420665740967
elscuighwc.mp4,0.8534548878669739
elsvnmrlue.mp4,0.18843543529510498
eltdfmwgji.mp4,0.9667218327522278
eltegvmovm.mp4,0.9823978543281555
eluhuvocwr.mp4,0.4786736071109772
elujuuvdib.mp4,0.8718149662017822
elvdfqptjk.mp4,0.564581573009491
elvorjwdut.mp4,0.8596125841140747
elyuapcyhc.mp4,0.9541817903518677
elyyepyjrz.mp4,0.10671155899763107
elztrnjyjz.mp4,0.9327520132064819
embhtiswqh.mp4,0.4654998481273651
embjjaybmt.mp4,0.6856663823127747
emdoggnrga.mp4,0.9198241829872131
emecmfeykx.mp4,0.9041516184806824
emexwanqpg.mp4,0.8322097063064575
emffqrjhyk.mp4,0.3549349308013916
emfzmpxvfa.mp4,0.8994584083557129
emgciwmtuj.mp4,0.06871413439512253
emgdobptvi.mp4,0.27926912903785706
emgwaijgbx.mp4,0.8722261786460876
emhfdagxes.mp4,0.9178407788276672
emiyuzydgw.mp4,0.06529243290424347
emjrvrkdsj.mp4,0.8925384879112244
emjtexvqxo.mp4,0.8564805388450623
emjurnjsns.mp4,0.8352314829826355
emkzigwhnz.mp4,0.660784125328064
emluajmkqr.mp4,0.9133431911468506
emlxorhbwc.mp4,0.9271837472915649
emmddtvyal.mp4,0.967296838760376
emmompdpbp.mp4,0.7712859511375427
emmygleyft.mp4,0.07102008163928986
emmzfsmqfb.mp4,0.9595521688461304
emouqgcvda.mp4,0.9361518025398254
empibqxyvt.mp4,0.7131485939025879
emqrzuchea.mp4,0.9414162635803223
emrcntxdgx.mp4,0.7842840552330017
emrdfyhgoo.mp4,0.9404513239860535
emrhtomwpy.mp4,0.08662093430757523
emruzzbtpp.mp4,0.9267966747283936
emstbyvehc.mp4,0.33467385172843933
emtqhgpbkk.mp4,0.9359978437423706
emudwmtiku.mp4,0.8034520149230957
emusyxkytu.mp4,0.07088325172662735
emvefvjhxs.mp4,0.864810585975647
emvfaleomu.mp4,0.8770408630371094
emvikmmndn.mp4,0.9820677042007446
emvryijqlx.mp4,0.8657873272895813
emvyjelukj.mp4,0.5597443580627441
emwftcfjxv.mp4,0.41573619842529297
emwwxngstk.mp4,0.8442580103874207
emxqsgqtdz.mp4,0.09220300614833832
emyieqewtf.mp4,0.46390971541404724
emyxhllxsy.mp4,0.7702657580375671
emzbasnefg.mp4,0.9599868655204773
emzhjvmihq.mp4,0.8454248309135437
emzpwwqnbu.mp4,0.8704513907432556
emzvhjgvil.mp4,0.3896893858909607
enaupjigsj.mp4,0.9706921577453613
encmazdvub.mp4,0.6593667268753052
encpspxssi.mp4,0.06148282811045647
encvnokybd.mp4,0.10218054801225662
encyyfekai.mp4,0.932372510433197
endblutfop.mp4,0.14113016426563263
eneknlfodw.mp4,0.9674469232559204
enexnymsbr.mp4,0.5266937613487244
enfdiglvvt.mp4,0.9415953159332275
engswoxwys.mp4,0.6120232939720154
enhioxigpa.mp4,0.9433886408805847
enhnmsqyqj.mp4,0.6733965873718262
enhqfydjvr.mp4,0.7298815846443176
enhrmlgvnt.mp4,0.9150886535644531
enhxubddhk.mp4,0.4379291236400604
enizxofene.mp4,0.8697450757026672
enjcgntrbu.mp4,0.7757611870765686
enjlezwnxf.mp4,0.9230003356933594
enkpwtwwnf.mp4,0.21805651485919952
enkpxzkvni.mp4,0.5071999430656433
enlbqlghpj.mp4,0.9449253678321838
enllemybiz.mp4,0.054695963859558105
enlyxqyizx.mp4,0.9526676535606384
enmgplmpni.mp4,0.8220311999320984
enmowffmak.mp4,0.7966015338897705
ennbmnoygj.mp4,0.4051305055618286
ennggwgewg.mp4,0.29842305183410645
ennkjirvtk.mp4,0.920904815196991
enpqwqmztj.mp4,0.9777044057846069
enpryzieyc.mp4,0.05915369093418121
enpshnkugu.mp4,0.9265978932380676
enqojjephh.mp4,0.9565494060516357
enqxmaplyw.mp4,0.9497358202934265
entdaiqrgf.mp4,0.9318313002586365
enuvbqyode.mp4,0.8888047337532043
envgqunrmz.mp4,0.8281750679016113
envlpcyqsu.mp4,0.8915451765060425
envzcooavo.mp4,0.457551509141922
enwhstvrpt.mp4,0.512226939201355
enwsrtwsnm.mp4,0.9649502635002136
enxazpptrf.mp4,0.9264841079711914
enxxwptxzh.mp4,0.9425399899482727
enyfsmfgvb.mp4,0.9636141061782837
enyhgljqwr.mp4,0.8966942429542542
enyytoyguq.mp4,0.9101983904838562
enzlliylet.mp4,0.9551125764846802
enznkxtllv.mp4,0.831716001033783
enzsbbnwyz.mp4,0.8896804451942444
eoaviddrkc.mp4,0.7011343240737915
eobwpnjgld.mp4,0.8905109763145447
eoclcdruis.mp4,0.9726012945175171
eocqzwmtxp.mp4,0.09059784561395645
eoczvkvxer.mp4,0.7257661819458008
eodeiyybfk.mp4,0.7711032032966614
eodrioissz.mp4,0.8819717168807983
eoecyagmwn.mp4,0.9553862810134888
eoetruoced.mp4,0.9722850322723389
eoextlfkjh.mp4,0.8430041074752808
eofajrswbe.mp4,0.7298760414123535
eogoxcbumn.mp4,0.844082236289978
eohifcejnd.mp4,0.9601870179176331
eohwdmwtvb.mp4,0.8650201559066772
eoighdabxr.mp4,0.44406017661094666
eoijiohjqy.mp4,0.855385959148407
eoljscsixt.mp4,0.8872081637382507
eomckefhqz.mp4,0.9600401520729065
eomkkrghqx.mp4,0.8391104936599731
eomqauazvs.mp4,0.8286248445510864
eomsdkukdd.mp4,0.1298282891511917
eomywmlzyj.mp4,0.48416078090667725
eonmclkdvc.mp4,0.9155821204185486
eoohrrbolh.mp4,0.570439338684082
eoolybdaxo.mp4,0.8488359451293945
eoourklmjk.mp4,0.07841914892196655
eoovtabijc.mp4,0.8539509177207947
eopcxgdhmb.mp4,0.7319060564041138
eorfnapwtw.mp4,0.9062485098838806
eorlkzlhod.mp4,0.8764855861663818
eornwqtqsm.mp4,0.9281811714172363
eorpfyvlok.mp4,0.48965027928352356
eoshdeycui.mp4,0.9129877090454102
eotmblattz.mp4,0.8389283418655396
eotmtjvvny.mp4,0.49243858456611633
eotxapyhnr.mp4,0.8436006903648376
eowzujrqgy.mp4,0.8708739876747131
eoxcfhtroc.mp4,0.9086989760398865
eoxfxdocyx.mp4,0.9371201992034912
eoxmjrjlyz.mp4,0.9859455227851868
eoyzkmpjem.mp4,0.971794605255127
eozcbgtdmo.mp4,0.8499245047569275
eozpgpsgpt.mp4,0.9646255970001221
epbhocgjxi.mp4,0.8918057680130005
epbkfxmcnq.mp4,0.957969605922699
epbybxkzae.mp4,0.9445262551307678
epctzprswe.mp4,0.9177181124687195
epefspyufn.mp4,0.40388235449790955
epetovyqho.mp4,0.9430628418922424
epezasvfty.mp4,0.6738113760948181
epezdgjeji.mp4,0.9225544333457947
epfeounjus.mp4,0.9572973251342773
epgfqrvwlr.mp4,0.0637398287653923
epgokhdfyh.mp4,0.9062014222145081
epgpnifmwk.mp4,0.8473979830741882
ephnqagghe.mp4,0.874477744102478
epjborbgzq.mp4,0.12601029872894287
epjhqzeweb.mp4,0.9241862297058105
epjkmysvmn.mp4,0.9207489490509033
epjstuklzg.mp4,0.8604727983474731
epkmvescaj.mp4,0.31162455677986145
epktjbgnju.mp4,0.8928974270820618
epmjvvfqnb.mp4,0.033474572002887726
epnwuvxzxw.mp4,0.944552481174469
epnzmghgbt.mp4,0.9795286059379578
epqjwfuruc.mp4,0.07388721406459808
eprdgmcksq.mp4,0.8778498768806458
eprhdfsljo.mp4,0.9424965381622314
epsguwpsbn.mp4,0.9708895683288574
epsrffjokm.mp4,0.7357971668243408
epssdfmtjy.mp4,0.3984875977039337
eptivcmfdt.mp4,0.8525007963180542
epuzqxggwu.mp4,0.7789217829704285
epvnrjtjsi.mp4,0.9506523013114929
epwbrtgupr.mp4,0.8544732332229614
epwspldhvx.mp4,0.9354127049446106
epxcmrrwwi.mp4,0.9549384117126465
epxotdneee.mp4,0.8616679310798645
epxubxovhy.mp4,0.6598564386367798
epxwangnvl.mp4,0.5242010951042175
epyfkqlnhk.mp4,0.9732828140258789
epznxyujvz.mp4,0.9451338648796082
eqabuehals.mp4,0.0840388610959053
eqahzafnym.mp4,0.89786696434021
eqakmmwngj.mp4,0.9775294065475464
eqamptvplr.mp4,0.5261282920837402
eqbhmqbwak.mp4,0.6276918053627014
eqbksplsqc.mp4,0.9072881937026978
eqboxsomoz.mp4,0.381440669298172
eqbscfnyaa.mp4,0.7266664505004883
eqdhbelkdl.mp4,0.9238148927688599
eqemoxvlgt.mp4,0.9496999979019165
eqffckkduj.mp4,0.874094545841217
eqftvfwfhk.mp4,0.7880455255508423
eqhjyhhtcb.mp4,0.8396592140197754
eqhltmstho.mp4,0.8637757897377014
eqhpdwysuw.mp4,0.19514314830303192
eqhqvcyfri.mp4,0.9216582775115967
eqiccxqnjb.mp4,0.8406515717506409
eqihscbsti.mp4,0.1460675448179245
eqilhfaxqn.mp4,0.6491937041282654
eqitwdggyk.mp4,0.8616867661476135
eqjiagoygx.mp4,0.6342311501502991
eqjkjfdbch.mp4,0.9234505891799927
eqjyrvpfmz.mp4,0.3211405277252197
eqkegfxmur.mp4,0.3206729292869568
eqkmcistey.mp4,0.13208574056625366
eqkodjrjyz.mp4,0.7491954565048218
eqkybjnuea.mp4,0.13827474415302277
eqkymdlspg.mp4,0.8729240894317627
eqlhnwfxze.mp4,0.10265839844942093
eqlxpvxtvo.mp4,0.8623724579811096
eqlygriwog.mp4,0.9165258407592773
eqmrmdwnyo.mp4,0.08389917016029358
eqmxbrgkdd.mp4,0.7249324917793274
eqngodbndt.mp4,0.9731515049934387
eqnmiwvxow.mp4,0.8950446844100952
eqnrhfnypx.mp4,0.9246168732643127
eqnyjdtfxs.mp4,0.04206988215446472
eqoknwfyci.mp4,0.07283267378807068
eqpbudnwga.mp4,0.8935787081718445
eqpeiboklv.mp4,0.9612902402877808
eqpkecgzpu.mp4,0.8794932961463928
eqpmhxxgzu.mp4,0.8975147008895874
eqqkryvzcu.mp4,0.9046833515167236
eqqmxgktvw.mp4,0.8826614022254944
eqqrggcmrx.mp4,0.9627929925918579
eqrachdzog.mp4,0.8633469343185425
eqrjhjzpyg.mp4,0.6270310282707214
eqsmwnadad.mp4,0.9516876935958862
eqsntricik.mp4,0.8343913555145264
eqstliqzef.mp4,0.11341624706983566
eqszckrudp.mp4,0.9579952359199524
eqtnwfjxgu.mp4,0.9347684383392334
eqtnypkqul.mp4,0.5306590795516968
eqtvtmtgqi.mp4,0.9003317952156067
eqtwkqxolz.mp4,0.07667882740497589
equvuhnfmu.mp4,0.37832096219062805
eqwjrvlrbd.mp4,0.9650949239730835
eqxqgckeaa.mp4,0.6558423042297363
eqxqlfglra.mp4,0.9608689546585083
eqxvuwzyke.mp4,0.8307383060455322
eqzhmbwvip.mp4,0.6414794325828552
eqzhzhvfuk.mp4,0.9529023766517639
eqzizahfxi.mp4,0.899306058883667
eqzqwjmzmu.mp4,0.9600276947021484
eqzsejevjm.mp4,0.8728765249252319
eqztafqimw.mp4,0.3088167607784271
erbcdnkjqv.mp4,0.9069293141365051
erbohkvmhv.mp4,0.8884320855140686
erbqtjngvc.mp4,0.07944854348897934
erdciikvep.mp4,0.25551068782806396
erdifqqhyf.mp4,0.9777718782424927
erdlswrxdt.mp4,0.9822705984115601
erdulktysn.mp4,0.871626615524292
eredlckdyf.mp4,0.9756578207015991
eregzipklo.mp4,0.963132381439209
eretmsrysr.mp4,0.9562020897865295
erfjrsvubh.mp4,0.07551999390125275
erggnnfmou.mp4,0.9517310261726379
erhqztizqn.mp4,0.7210009694099426
eriblluuxr.mp4,0.9881920218467712
eriidarzax.mp4,0.8803704380989075
eriqwbobly.mp4,0.9771728515625
erjwrksgsu.mp4,0.08610174059867859
erkllhrjkt.mp4,0.8601447343826294
erluerwkwn.mp4,0.9286789894104004
ermnqsqory.mp4,0.9244309663772583
erodeehozy.mp4,0.9120268225669861
eronefamtp.mp4,0.77714604139328
erotdfkdnr.mp4,0.9700713157653809
erotfcrebp.mp4,0.7859054207801819
erpaijomxg.mp4,0.9628647565841675
errmvmgrme.mp4,0.06510280817747116
errsybjnsi.mp4,0.8663307428359985
erudqctwfx.mp4,0.9639144539833069
ervfdioksl.mp4,0.06848646700382233
ervxfukcgz.mp4,0.9590373039245605
erxlsxdfwi.mp4,0.8183491230010986
erxslhffam.mp4,0.9876750111579895
eryipdpinw.mp4,0.7872933149337769
erzzhffzvu.mp4,0.1084180548787117
esaboezwps.mp4,0.9022875428199768
esacncvhun.mp4,0.9420210123062134
escfavemij.mp4,0.8961442708969116
escgwtehtk.mp4,0.19134080410003662
eschwpqksb.mp4,0.9271448254585266
esctaaylif.mp4,0.9499135613441467
escubycnrb.mp4,0.8588852286338806
escwmsthiz.mp4,0.142928346991539
esdeajcfxn.mp4,0.9683877229690552
esdmcqxzjh.mp4,0.9580376744270325
esdmehlyhe.mp4,0.028919728472828865
esgqftxfky.mp4,0.9029520153999329
eshcmegogv.mp4,0.06564109772443771
eshesftdmp.mp4,0.7724587917327881
eshthpimvh.mp4,0.8674272894859314
eshtvbrsld.mp4,0.7009671926498413
esibskwqwn.mp4,0.8977850675582886
esijwoctuo.mp4,0.9296198487281799
esiotbeupd.mp4,0.8931649923324585
esixjxfsms.mp4,0.8918411731719971
esiyzsjmfq.mp4,0.9591063857078552
esjeepgsbm.mp4,0.11027878522872925
eskgxjnagp.mp4,0.14935661852359772
eskhoguunr.mp4,0.9439395070075989
eskluhxdrc.mp4,0.7553210258483887
eslcazibhu.mp4,0.36501947045326233
eslcjjrvmo.mp4,0.8942430019378662
eslibwktlt.mp4,0.058152467012405396
eslwqsqxuo.mp4,0.9164367914199829
esnqklpomp.mp4,0.8751144409179688
esnzqdwpbc.mp4,0.722443699836731
esobntxlad.mp4,0.10148970782756805
esouzsaubb.mp4,0.9726154208183289
espaodgzxa.mp4,0.9899356365203857
espkgxnlfw.mp4,0.9056371450424194
espkkzobwi.mp4,0.474949449300766
espvgdoaem.mp4,0.8407257199287415
esqapmjzwm.mp4,0.6690592765808105
esqlozyxwo.mp4,0.8106817007064819
esqqatspvz.mp4,0.07970865070819855
esqqrzgtzo.mp4,0.9768248796463013
esqvrydrim.mp4,0.9101827144622803
esrkewmeqt.mp4,0.35499146580696106
esrlprirvx.mp4,0.9399989247322083
esrukfrnpx.mp4,0.8709304332733154
essbuwkggo.mp4,0.9063256978988647
estwtsbkge.mp4,0.9351420402526855
estygoobsr.mp4,0.9624945521354675
estykblkaw.mp4,0.47437983751296997
esuweuifts.mp4,0.5828685760498047
esvfbnxbfk.mp4,0.9049649238586426
eswjxjblzy.mp4,0.8791346549987793
eswzqomvye.mp4,0.5935066342353821
esxqgermfl.mp4,0.8672800660133362
esxygefppr.mp4,0.9337106347084045
esydswnyko.mp4,0.08924603462219238
eszivwjcls.mp4,0.8688542246818542
esznerjdma.mp4,0.9517790079116821
eszrckbsto.mp4,0.30910637974739075
esztkevzfj.mp4,0.9653949737548828
etaaaibzns.mp4,0.9039092063903809
etacemolnz.mp4,0.786596953868866
etagpnouis.mp4,0.8424983024597168
etawendpkv.mp4,0.9236589670181274
etaxwwpsls.mp4,0.12786419689655304
etcvrzyacw.mp4,0.9482149481773376
etdiyaufib.mp4,0.9668549299240112
etfmtolikj.mp4,0.954628586769104
etgmmymetr.mp4,0.8503149747848511
etgnudemya.mp4,0.8825831413269043
etgnykrkkp.mp4,0.5505051612854004
etgrqvtfwt.mp4,0.9147616624832153
ethbvtvahp.mp4,0.898853063583374
ethiruvhfg.mp4,0.9382153749465942
ethkiptljh.mp4,0.09267330914735794
etiihqouos.mp4,0.18081821501255035
etinyifrcj.mp4,0.9137374758720398
etioprbaww.mp4,0.8869803547859192
etjonsboxi.mp4,0.29886049032211304
etjupcirhj.mp4,0.8915168046951294
etktbymzhx.mp4,0.21078833937644958
etkwneghea.mp4,0.9522872567176819
etlpvrbugw.mp4,0.15574657917022705
etlroolqer.mp4,0.0771721750497818
etltdsoubb.mp4,0.5815104246139526
etmpigursu.mp4,0.8842499852180481
etmsvuymep.mp4,0.8435815572738647
etmtlobhjl.mp4,0.9078853726387024
etnricjray.mp4,0.6450656056404114
etodejdqoj.mp4,0.9430081844329834
etoezdmbjh.mp4,0.8510501980781555
etofetloij.mp4,0.031063880771398544
etphkpokgh.mp4,0.6863237023353577
etpketrlnd.mp4,0.47875282168388367
etqefqwfem.mp4,0.9354100823402405
etqopucvsa.mp4,0.8592751026153564
etqulfbomt.mp4,0.9001355767250061
etrbofjhyj.mp4,0.8965927958488464
etrdptdued.mp4,0.1349003165960312
etspyajinh.mp4,0.9003909230232239
etsvhdjyhg.mp4,0.7683752179145813
etswgogitb.mp4,0.8973114490509033
etswywimft.mp4,0.9082307815551758
ettolxlpdx.mp4,0.9597921967506409
ettthorxxv.mp4,0.9316378235816956
etttsckqzg.mp4,0.6378197073936462
etuhfvfswk.mp4,0.05429142341017723
etuiyfidqe.mp4,0.9844507575035095
etuyyfpvpz.mp4,0.48147720098495483
etuzvpxbod.mp4,0.5784712433815002
etvagcrift.mp4,0.9083353877067566
etvcdyryxq.mp4,0.8277751803398132
etvmuiutxj.mp4,0.9362761974334717
etvnftwxgr.mp4,0.9526795148849487
etwejymoqt.mp4,0.047233279794454575
etwgmmiyfl.mp4,0.9030801653862
etwpngxyoo.mp4,0.9127840995788574
etwuvriiws.mp4,0.9208645820617676
etxzgzjwfp.mp4,0.9647254943847656
etygjbrhzn.mp4,0.7416521310806274
etymlovigx.mp4,0.9406291246414185
etyysejqhe.mp4,0.9657078385353088
etyyuclunv.mp4,0.5992646813392639
euaugumzog.mp4,0.4301880896091461
euavixhbsq.mp4,0.41987016797065735
eubcovafds.mp4,0.9072557687759399
eubgacitww.mp4,0.6348579525947571
eubjjvbxss.mp4,0.045974940061569214
eubzpsdqei.mp4,0.10189997404813766
euclhezhps.mp4,0.9367249011993408
eudnjqzhac.mp4,0.31892651319503784
eudqyrnjoo.mp4,0.2107343226671219
euegygpzez.mp4,0.152567520737648
euenttouyr.mp4,0.7362458109855652
euevtellaq.mp4,0.8791601657867432
eufxjsolyv.mp4,0.9243211150169373
eughjmhnwg.mp4,0.5697395205497742
eugizkqdla.mp4,0.684582531452179
eugjbxtszt.mp4,0.6625466346740723
eugpvwbpiz.mp4,0.9011807441711426
eugszzdbxy.mp4,0.8783953189849854
eugucyqvce.mp4,0.9787647128105164
euhduijesf.mp4,0.6953376531600952
euhfncixdc.mp4,0.07142145186662674
euhfpjfbrt.mp4,0.9584856629371643
euhnopdghl.mp4,0.8588128089904785
euidgxgpff.mp4,0.03658558428287506
euiiarygve.mp4,0.7582430839538574
euilhfyjkj.mp4,0.9705390334129333
euilltgsrq.mp4,0.9271393418312073
euiqtmvnja.mp4,0.8152989149093628
eujsvdhrdm.mp4,0.8819573521614075
eujvhvrzyj.mp4,0.8005329370498657
eukbmcdsbq.mp4,0.8695210218429565
eukebgiccw.mp4,0.9508259892463684
eukutnkwkh.mp4,0.8998412489891052
eukxkhumll.mp4,0.03940510377287865
eukyyxopvt.mp4,0.8810688853263855
eulmapihck.mp4,0.944903552532196
eulslskxei.mp4,0.859927773475647
eumfzayvdz.mp4,0.9542068839073181
eumlufqcfn.mp4,0.9787570834159851
eummwjqbpd.mp4,0.8558787107467651
eumqvwtksc.mp4,0.8086001873016357
eundchcedg.mp4,0.9052184224128723
eunsttomkc.mp4,0.748859703540802
eupbthgsbs.mp4,0.46438226103782654
eupvhqwmpe.mp4,0.9376683831214905
euqeauccmw.mp4,0.9417142868041992
euqujvlnnb.mp4,0.8967851400375366
eurfdjzxng.mp4,0.9058085083961487
eurjsnbbug.mp4,0.9748720526695251
eurtdahlrz.mp4,0.8856775760650635
eusshevuiy.mp4,0.963442325592041
eusvkbaogc.mp4,0.5187816023826599
eusxhfybrd.mp4,0.9219276309013367
euttnardyg.mp4,0.9372214674949646
eutvitygbh.mp4,0.9435855746269226
euurmiutnv.mp4,0.9571942090988159
euvhbpgluc.mp4,0.6650978326797485
euwtvrqjog.mp4,0.9191529750823975
euxofyxagh.mp4,0.6362937092781067
euydqohhqn.mp4,0.9766496419906616
euyynvauyv.mp4,0.06981521099805832
euzlhdnsid.mp4,0.9336905479431152
evanozbfoa.mp4,0.44728273153305054
evauagoyun.mp4,0.9436858892440796
evctyqapap.mp4,0.8651180863380432
evdarxrenf.mp4,0.55318284034729
evecwbqsfu.mp4,0.9245917797088623
evfepuimjg.mp4,0.9776570796966553
evfzpitpgc.mp4,0.5480059385299683
evgdrmajqt.mp4,0.9784698486328125
evgsgtzsmq.mp4,0.9690941572189331
evgzjtwveg.mp4,0.9423105120658875
evhjkghtmq.mp4,0.9294435977935791
evhtpeyqsc.mp4,0.9488913416862488
evhwvefsle.mp4,0.7576764822006226
evhykxalmi.mp4,0.7503158450126648
evirwnkqms.mp4,0.04053269326686859
evjumxcwur.mp4,0.9148364663124084
evkmmqbdgq.mp4,0.12778852880001068
evlkhfbyaa.mp4,0.6568732857704163
evmgtesofz.mp4,0.9893936514854431
evmrcinjdq.mp4,0.9559327960014343
evmrudfvbf.mp4,0.6567714214324951
evnfjvobno.mp4,0.8374881148338318
evnpfradix.mp4,0.9812460541725159
evojufsbso.mp4,0.9731576442718506
evoolgcqip.mp4,0.12234888970851898
evoxksjmtv.mp4,0.9088473320007324
evppthjsbd.mp4,0.2341611385345459
evqfdqvvks.mp4,0.9296285510063171
evqpfithgd.mp4,0.9517301321029663
evqpppnrfs.mp4,0.9735907912254333
evqumrxyfs.mp4,0.9207175970077515
evrgcrznre.mp4,0.11471613496541977
evsbufgkbn.mp4,0.8728289008140564
evsrwoifxu.mp4,0.9174296259880066
evtizpbsrt.mp4,0.9109266996383667
evtqlcanne.mp4,0.9385999441146851
evttikralx.mp4,0.9815497994422913
evutrhbglp.mp4,0.0433056578040123
evuyarrqcb.mp4,0.9827637076377869
evvbmiusjr.mp4,0.40280425548553467
evvotowfkw.mp4,0.8838272094726562
evwgkntebg.mp4,0.9319465756416321
evwtxpowgd.mp4,0.8209861516952515
evwwcybbol.mp4,0.9372609257698059
evxtqswetb.mp4,0.9277507662773132
evxyexlrgp.mp4,0.9150031208992004
evypufjvtr.mp4,0.19321425259113312
evyqbkbsiv.mp4,0.9567945599555969
evziryftvx.mp4,0.943164587020874
evzmijhthq.mp4,0.06939827650785446
ewapjbcfuv.mp4,0.9846031069755554
ewavdsgjyf.mp4,0.9342869520187378
ewbgvlunzf.mp4,0.9827277660369873
ewbgymjvos.mp4,0.953037440776825
ewboiokegt.mp4,0.9377679824829102
ewcjerkrwq.mp4,0.0776963084936142
ewdeufyoic.mp4,0.8986287713050842
ewdonszwnn.mp4,0.7961359024047852
ewdpatntaf.mp4,0.7237600088119507
ewdubecsnk.mp4,0.9750902652740479
ewehqnfmvr.mp4,0.7678830623626709
eweohmorwm.mp4,0.9096508026123047
ewfnvcuvnn.mp4,0.6527723670005798
ewglmznvxe.mp4,0.9466057419776917
ewgoylxwgv.mp4,0.9262722730636597
ewgyrkfkmq.mp4,0.2186947762966156
ewhtjwbuqy.mp4,0.951277494430542
ewhwxhjogw.mp4,0.930616021156311
ewimhhuovr.mp4,0.8494319319725037
ewivyisjtm.mp4,0.9245203137397766
ewiyhypsgq.mp4,0.8717494010925293
ewjrqhcwbn.mp4,0.9130606055259705
ewjwkmevus.mp4,0.8437793254852295
ewkdvemmff.mp4,0.8422423005104065
ewlyehxfzb.mp4,0.8913812041282654
ewmhzluvgm.mp4,0.8571193218231201
ewnlkyprvh.mp4,0.41803643107414246
ewnoyoiotj.mp4,0.891108512878418
ewoefcghuy.mp4,0.9210619330406189
ewokvfyjsz.mp4,0.9775916337966919
ewpkflkuah.mp4,0.20423433184623718
ewqffplnea.mp4,0.8695631623268127
ewqrfiisqe.mp4,0.06696753203868866
ewreissupj.mp4,0.25392699241638184
ewrgbnztgs.mp4,0.957623302936554
ewrlrkjock.mp4,0.14421488344669342
ewrtxhsahr.mp4,0.9446441531181335
ewuhuebngm.mp4,0.28190797567367554
ewwkfljrua.mp4,0.8355472683906555
ewxddjqzml.mp4,0.16069531440734863
ewyeaqhmfe.mp4,0.9417921900749207
ewygzrrcft.mp4,0.9639554619789124
ewzvqdqchc.mp4,0.9107376933097839
exactiudfy.mp4,0.9039769768714905
exanjjxzre.mp4,0.48048707842826843
exapoobbmo.mp4,0.922781765460968
exatrzuvgq.mp4,0.8246585726737976
exbcpxkyuv.mp4,0.5701098442077637
excdqgwwuy.mp4,0.11675748974084854
excmyfrwzp.mp4,0.8999325037002563
excumhymko.mp4,0.8341538310050964
excvtyvuto.mp4,0.4635659456253052
exdiqsgncd.mp4,0.14809641242027283
exdxpotzrw.mp4,0.883880078792572
exegqniiaj.mp4,0.8998016715049744
exewzykbsv.mp4,0.5199262499809265
exfbtfriwb.mp4,0.9269396662712097
exfpnvnfwa.mp4,0.2562192380428314
exfpupyhhl.mp4,0.09217434376478195
exgbqfgaoj.mp4,0.7277059555053711
exggwnyfiz.mp4,0.9345189332962036
exgmypzisd.mp4,0.850067138671875
exhfwnjwrh.mp4,0.913658618927002
exhzzxwghl.mp4,0.8537211418151855
exikkzaesy.mp4,0.02548866905272007
exipptdkki.mp4,0.8344853520393372
exjhqhkiiq.mp4,0.8336254358291626
exjmfjwuvn.mp4,0.8542776703834534
exjmtejyxo.mp4,0.9431111812591553
exjnpsilrw.mp4,0.67192143201828
exlbmtpqbt.mp4,0.9529907703399658
exlymefpqh.mp4,0.9317609071731567
exmuhuamql.mp4,0.9732515811920166
exngsbdjkg.mp4,0.870389997959137
exnqtksnsd.mp4,0.9237416982650757
exnxonosso.mp4,0.910544216632843
exoiljxgnb.mp4,0.9442471265792847
exotjouiuv.mp4,0.9697188138961792
exouxhurex.mp4,0.10819506645202637
exprsetrwv.mp4,0.9268192052841187
exqaaevevx.mp4,0.9258129596710205
exrdfjblnj.mp4,0.9072383046150208
exrlkypabt.mp4,0.9018675684928894
exruieyion.mp4,0.7530531287193298
exsteszbhp.mp4,0.8699992299079895
exsuygvela.mp4,0.5046713352203369
extihvlsxg.mp4,0.02930697426199913
extmbbwsdy.mp4,0.04692550376057625
extthfnusg.mp4,0.9205856919288635
exuqawztwn.mp4,0.07953675836324692
exuxoisxyl.mp4,0.8991237282752991
exvwmgobwc.mp4,0.5352451205253601
exwbzleeek.mp4,0.27543675899505615
exwwkhjkbw.mp4,0.9268562197685242
exwwmdzioh.mp4,0.8756300210952759
exxdugnweb.mp4,0.09625409543514252
exxfhkgnvx.mp4,0.7080932855606079
exxmdbzkyr.mp4,0.911034882068634
exzkbgzgib.mp4,0.6280369162559509
exzlkzguxl.mp4,0.4949128329753876
eyacdtciqm.mp4,0.8966159224510193
eyacmcjknj.mp4,0.9752964973449707
eyaseuvaal.mp4,0.8597045540809631
eybhzkzvhd.mp4,0.812915563583374
eybluknonz.mp4,0.09292814880609512
eybvpbhezl.mp4,0.9026067852973938
eycdlgettr.mp4,0.90805983543396
eycfnmrhdt.mp4,0.829775869846344
eycwvdpqbo.mp4,0.9400712251663208
eydmpkgqeq.mp4,0.9398042559623718
eyeboujggi.mp4,0.8880605101585388
eyeeizenid.mp4,0.04897303134202957
eyevwdohgf.mp4,0.9549965262413025
eyffoapcce.mp4,0.9562863707542419
eygcphespr.mp4,0.9242516160011292
eygcpssvws.mp4,0.91005939245224
eyggyzewzb.mp4,0.9436460733413696
eygwtqpnue.mp4,0.33956387639045715
eyhhnebwcs.mp4,0.05643376335501671
eyhjqwikza.mp4,0.20989716053009033
eyhphpspew.mp4,0.5990306735038757
eyivatspar.mp4,0.9252579808235168
eyjiwmclao.mp4,0.3706599771976471
eyjpughmmi.mp4,0.9459545016288757
eylmytvbqt.mp4,0.9891274571418762
eylwvdgbcy.mp4,0.11848597973585129
eymbhwikgh.mp4,0.5972074866294861
eynvbesfsi.mp4,0.9364569187164307
eynzqgzqwc.mp4,0.8290976881980896
eypevytikz.mp4,0.2916623055934906
eyqjufadve.mp4,0.6160025596618652
eyrphmtciv.mp4,0.9155728220939636
eyrvyndpjs.mp4,0.6105999946594238
eyserqjwlg.mp4,0.6756134629249573
eyudklhxjj.mp4,0.7819881439208984
eyujrtghok.mp4,0.9033232927322388
eyulbxiwne.mp4,0.9555561542510986
eyusbqspuh.mp4,0.9148076176643372
eywxpimyad.mp4,0.09730961173772812
eyxjlhkadh.mp4,0.7195765376091003
eyxkycclyx.mp4,0.8108763098716736
eyxmouvody.mp4,0.0828295573592186
eyyafuqxuj.mp4,0.8597562313079834
eyywfiialh.mp4,0.36576318740844727
eyzewpjtzp.mp4,0.8881919384002686
eyzgzdgtyn.mp4,0.8777121305465698
eyzrwpudox.mp4,0.10045463591814041
eyzudnrcnp.mp4,0.9182667136192322
ezaaqjpswx.mp4,0.3787759244441986
ezadehoecy.mp4,0.9875434637069702
ezajsnknkc.mp4,0.09151999652385712
ezckbwmnvc.mp4,0.7365294098854065
ezehdjvwvy.mp4,0.9865557551383972
ezfjywtlpn.mp4,0.8948555588722229
ezgruvwexl.mp4,0.24316240847110748
ezgusylcyf.mp4,0.16196806728839874
ezjfyxslqt.mp4,0.7552971243858337
ezkidfosnl.mp4,0.8556419014930725
ezkyiounzg.mp4,0.976841151714325
ezljdafkkh.mp4,0.9140134453773499
ezltfgktsa.mp4,0.9428356885910034
ezmhgyjwqt.mp4,0.8946873545646667
eznfhmennm.mp4,0.1601397693157196
ezpgbzhejw.mp4,0.758282482624054
ezpialoqyh.mp4,0.7352248430252075
ezpsqjytug.mp4,0.9436393976211548
ezpulhyrqd.mp4,0.5
ezqscppooh.mp4,0.8568198680877686
ezrfihipbi.mp4,0.9339847564697266
ezrgemzvju.mp4,0.139375701546669
ezrlpsoczz.mp4,0.8991507291793823
eztgdxslyf.mp4,0.8015758991241455
eztkfvorxo.mp4,0.9815004467964172
eztwadaxde.mp4,0.08587359637022018
ezupajzwdl.mp4,0.9819702506065369
ezupovqlhq.mp4,0.9246484041213989
ezvqjcunnf.mp4,0.9013329744338989
ezvsimvagj.mp4,0.8773987889289856
ezvxqunobu.mp4,0.05943670496344566
ezwbapbpgw.mp4,0.716793417930603
ezwqacetdx.mp4,0.7775270938873291
ezwswnpxgw.mp4,0.8373861908912659
ezxkqqqeqn.mp4,0.6470661163330078
ezxnapocrl.mp4,0.8523939251899719
ezyjpzfnxs.mp4,0.8845353722572327
ezyttpijys.mp4,0.9341988563537598
ezzxtovqvz.mp4,0.8622015118598938
fabfbolhsn.mp4,0.20984642207622528
fabnzwzwjd.mp4,0.9566605687141418
facfirssno.mp4,0.9435308575630188
fachvpmjpg.mp4,0.9441479444503784
factpeezlu.mp4,0.9751178622245789
fadcaxaafk.mp4,0.34984442591667175
fadljknvrx.mp4,0.9383447170257568
faeyfjgska.mp4,0.9469254016876221
fafelguets.mp4,0.06369765102863312
fafihcaagb.mp4,0.960223376750946
fagnwmedog.mp4,0.1429508775472641
fahevlhtcx.mp4,0.9579485058784485
fahnvsfiwj.mp4,0.7872492671012878
fahykeifgz.mp4,0.9298596382141113
faicwfivhj.mp4,0.6636006832122803
faikkamrdw.mp4,0.9638081789016724
fakfkpzenm.mp4,0.14807428419589996
fakhglygte.mp4,0.7407467365264893
fakiuygxwr.mp4,0.836779773235321
faklcbjoln.mp4,0.8875946402549744
fakquybnpz.mp4,0.8463954925537109
falfxrjier.mp4,0.2916523814201355
falquxjgcs.mp4,0.8931753039360046
famavifufv.mp4,0.05051509663462639
famcnvqqjv.mp4,0.9394862055778503
famywizotu.mp4,0.9110243916511536
fandwknulr.mp4,0.9392232894897461
fangjhyrzp.mp4,0.06639570742845535
fapazklyby.mp4,0.8709145784378052
fapupenfkl.mp4,0.13048022985458374
faqniwwbxq.mp4,0.8713451623916626
fardukltij.mp4,0.6946819424629211
farkayufbk.mp4,0.8808801174163818
fashimyayn.mp4,0.8114540576934814
fassenuwad.mp4,0.9164180755615234
fasuaiwqpu.mp4,0.9507777094841003
fasyguwpmg.mp4,0.7789154648780823
faszsqdqgn.mp4,0.9620654582977295
fatnoezenh.mp4,0.926629364490509
fauqtiiztx.mp4,0.8617364764213562
faurwndulk.mp4,0.8688162565231323
favklanlaa.mp4,0.1830977350473404
favpbouums.mp4,0.8927068710327148
favrjgshqi.mp4,0.10273587703704834
favwudatxe.mp4,0.9337755441665649
favydhlbyj.mp4,0.3748336434364319
fayetmfgru.mp4,0.7504335641860962
faygjfrrcq.mp4,0.12819090485572815
fazkvrvuzb.mp4,0.04986124485731125
fazvawknmy.mp4,0.8544510006904602
fbajsjwfpe.mp4,0.9168850183486938
fbamquqxcp.mp4,0.9769278764724731
fbbhzabvxd.mp4,0.8506004214286804
fbbmsckgkj.mp4,0.9891799688339233
fbbtlcjktz.mp4,0.9532430171966553
fbcdrnxhcx.mp4,0.0934622660279274
fbcoqrklhy.mp4,0.08153456449508667
fbdorsyrek.mp4,0.8972723484039307
fbdxjscbzc.mp4,0.875220000743866
fbdzfxddvk.mp4,0.9289619326591492
fbeqqyemsi.mp4,0.3425394594669342
fbfnlcqjjp.mp4,0.058017097413539886
fbfxiwunri.mp4,0.6580522060394287
fbgsueqwxv.mp4,0.8323296308517456
fbibpnbjox.mp4,0.9127905964851379
fbibtubooo.mp4,0.9489139914512634
fbicfztldi.mp4,0.15939784049987793
fbifigmjzk.mp4,0.916784405708313
fbkepsruif.mp4,0.910247802734375
fbkfmzjyey.mp4,0.8717877268791199
fblcxngbtt.mp4,0.8058496713638306
fblimgipds.mp4,0.9568306803703308
fblyakialo.mp4,0.9104171991348267
fbmbhjzgie.mp4,0.08823485672473907
fborahodiq.mp4,0.9522759914398193
fbosopvlqz.mp4,0.8556253910064697
fbplhwdvuy.mp4,0.9176774024963379
fbpnwtilgt.mp4,0.5951579809188843
fbqjyxiwgc.mp4,0.10223734378814697
fbqmpjccpr.mp4,0.94904625415802
fbqnobjdip.mp4,0.8839969635009766
fbqrdsclny.mp4,0.2278866320848465
fbqwomdehr.mp4,0.548244059085846
fbrnfldzje.mp4,0.9369929432868958
fbrnkwsgrh.mp4,0.05682303011417389
fbtgsjghee.mp4,0.8683841824531555
fbujpbnkys.mp4,0.6317574977874756
fbwfpmbwin.mp4,0.1913631707429886
fbxaamoucp.mp4,0.6715764999389648
fbxgytacoa.mp4,0.6917439103126526
fbxycbrpnd.mp4,0.9148303866386414
fbybejwonv.mp4,0.8245629668235779
fbyetasxrt.mp4,0.45501577854156494
fbykdbonvn.mp4,0.8860040903091431
fbyqfeausr.mp4,0.9442083239555359
fbyxcxtpsw.mp4,0.03150640428066254
fbzamdxgjw.mp4,0.6936949491500854
fbzclcxmxh.mp4,0.9107580780982971
fbzpezjuac.mp4,0.9567806124687195
fbzvbtnwuo.mp4,0.9007394313812256
fbzztilvpn.mp4,0.06441230326890945
fcacovhtqc.mp4,0.6907178163528442
fcagoxvfam.mp4,0.40780940651893616
fcaigwoatg.mp4,0.8867982625961304
fcawschzhs.mp4,0.8099272847175598
fcbcugpyqb.mp4,0.8470821380615234
fcbgcmzvgo.mp4,0.8655251860618591
fcckanhaqo.mp4,0.9113797545433044
fccofumcjd.mp4,0.9128265380859375
fcdlkuwhgc.mp4,0.07219219952821732
fceaefbruz.mp4,0.9457805752754211
fceobmlgdo.mp4,0.9561144113540649
fcevppjtel.mp4,0.2789912223815918
fcgdkbrhob.mp4,0.5674269199371338
fcgdrvwpgy.mp4,0.906843900680542
fcgsaskflq.mp4,0.6873451471328735
fcgttspyiy.mp4,0.8802340030670166
fcgzegqfhu.mp4,0.36507564783096313
fchawobtti.mp4,0.3376038372516632
fchfxbjlmu.mp4,0.6553399562835693
fchswmskuw.mp4,0.7908036112785339
fcjcpqsqdl.mp4,0.9308303594589233
fcjgetycim.mp4,0.5838973522186279
fcjrqmqheq.mp4,0.822415292263031
fckedzldka.mp4,0.9787594079971313
fckhrlmdps.mp4,0.9346134066581726
fckyqnljcw.mp4,0.8461658954620361
fclbpdxgxz.mp4,0.936797022819519
fclghwxfyv.mp4,0.3515912890434265
fclnkaotuf.mp4,0.05708887428045273
fcmexsbxbl.mp4,0.8956222534179688
fcmvdopkgg.mp4,0.8421189188957214
fcmymgffth.mp4,0.8835321068763733
fcniblddhn.mp4,0.21299904584884644
fcnosnknhr.mp4,0.9467547535896301
fcnrttrfjd.mp4,0.8256271481513977
fcnvslbvkp.mp4,0.9214568734169006
fcpjjajbrs.mp4,0.9800617694854736
fcqgzoqwnq.mp4,0.10605420172214508
fcqkakrkkt.mp4,0.47248220443725586
fcqoeufwso.mp4,0.13130778074264526
fcqotwdluv.mp4,0.9877733588218689
fcrhnotouh.mp4,0.04255883768200874
fcroeeiwbw.mp4,0.12022943794727325
fcrwgettrv.mp4,0.9284598231315613
fctupjcqsd.mp4,0.9852047562599182
fctxyczvjr.mp4,0.6205294132232666
fctyywfhmh.mp4,0.9250762462615967
fcubvqwhzp.mp4,0.6944870948791504
fcussypxwn.mp4,0.9470917582511902
fcvalghdjp.mp4,0.9129472374916077
fcvzlzfufb.mp4,0.19713260233402252
fcwgjggqub.mp4,0.49645793437957764
fcwisgaaro.mp4,0.904589831829071
fcwrhhfado.mp4,0.8579719066619873
fcxentjmzf.mp4,0.07018672674894333
fcytwslmhe.mp4,0.8764479756355286
fcyzsnnext.mp4,0.8758848309516907
fczrttsakk.mp4,0.4078170359134674
fczvffyrza.mp4,0.8784781098365784
fczvlbhexk.mp4,0.9483612179756165
fdazieinpw.mp4,0.1972406953573227
fdbmplikfr.mp4,0.8653641939163208
fdbmvivkyk.mp4,0.8808646202087402
fdbuudgvxk.mp4,0.8441410064697266
fdczuwyugc.mp4,0.9172491431236267
fddjyuntaw.mp4,0.9310868978500366
fdehcexxls.mp4,0.6413862109184265
fdezrogbya.mp4,0.8518049120903015
fdfcclojex.mp4,0.948168158531189
fdffsphdrs.mp4,0.5150315761566162
fdfkgybqpx.mp4,0.833076536655426
fdfncdwcsp.mp4,0.924479067325592
fdfstbxbjh.mp4,0.8867712616920471
fdgjxunkbg.mp4,0.8789570331573486
fdgotycxcs.mp4,0.9541041851043701
fdibsyxhwu.mp4,0.8452959656715393
fdiiiafqra.mp4,0.7954500317573547
fdirkafogc.mp4,0.9137877225875854
fdisgqcvpz.mp4,0.9399088621139526
fdknmtrfjm.mp4,0.9355394244194031
fdktkvlziu.mp4,0.9079444408416748
fdkywoylxe.mp4,0.9322322010993958
fdljwgcbvb.mp4,0.7978599667549133
fdlrrbroar.mp4,0.1111663207411766
fdmfxcherk.mp4,0.27991780638694763
fdmkdahhwb.mp4,0.9487078189849854
fdmsyypemb.mp4,0.052054211497306824
fdnrhgictd.mp4,0.4716894328594208
fdnvmmoobs.mp4,0.5528979301452637
fdogmnyird.mp4,0.9361516237258911
fdooucyjuw.mp4,0.8674449324607849
fdoxhvqlcu.mp4,0.8729763031005859
fdpkflecgj.mp4,0.9669661521911621
fdpmnucvqi.mp4,0.8460260033607483
fdppujxagz.mp4,0.8957766890525818
fdqzjdfeca.mp4,0.37623271346092224
fdrizqnsqt.mp4,0.8831053972244263
fdroxpavml.mp4,0.8019936680793762
fdstzkwgrw.mp4,0.9817520976066589
fdtynawrpy.mp4,0.04472988471388817
fdubcqyphb.mp4,0.3943595588207245
fduexmmqer.mp4,0.922017514705658
fduhwlydlg.mp4,0.1465214341878891
fdurwujpok.mp4,0.8745957016944885
fduzwmyecl.mp4,0.9333205223083496
fdvbsmpmge.mp4,0.14875733852386475
fdvgiqipzx.mp4,0.8822171092033386
fdwghvaliw.mp4,0.9515816569328308
fdxeaxhnxh.mp4,0.860798180103302
fdxnlcyvcl.mp4,0.6838679313659668
fdxvlxsuxv.mp4,0.9366390705108643
fdzexbsksd.mp4,0.07613857835531235
fdzgqqpqua.mp4,0.869770884513855
fdziwiuoer.mp4,0.7326209545135498
fdzrqygbuc.mp4,0.8321909308433533
feaqnlczwc.mp4,0.9859105944633484
febvxdmywc.mp4,0.5450544953346252
feclrivjqi.mp4,0.8909578919410706
fecnpaovgx.mp4,0.8807170391082764
fecrkedono.mp4,0.9687861204147339
feculiepto.mp4,0.8629692792892456
fedelidbyz.mp4,0.8220723271369934
fednyefrrm.mp4,0.8909032344818115
fehsidvxnq.mp4,0.5916106104850769
fehvqagskg.mp4,0.9448939561843872
fejacnpjzo.mp4,0.7628150582313538
fejoztpznc.mp4,0.9640271067619324
fekazhlpdr.mp4,0.9226686954498291
fekbyyzjxi.mp4,0.911435067653656
fekdyrzfda.mp4,0.8987748622894287
fekecdkzfx.mp4,0.7852884531021118
fekfqkxcmg.mp4,0.6524666547775269
feklsyhydc.mp4,0.9087106585502625
fektpafggz.mp4,0.9289384484291077
fekttfvyio.mp4,0.9531782269477844
fekufemysq.mp4,0.9017913341522217
felvphspwq.mp4,0.8252776861190796
femcomojjl.mp4,0.9331645965576172
femslxrqzs.mp4,0.7544456720352173
fenkagfgpz.mp4,0.9808453917503357
fenvutkjgf.mp4,0.8957309126853943
feocfndoxy.mp4,0.9120243787765503
feotkojcfj.mp4,0.9064270257949829
fepcaxmpzk.mp4,0.702555775642395
fepdwndilf.mp4,0.934874951839447
fepjgkpkva.mp4,0.7272294163703918
fepzrvdwje.mp4,0.19953829050064087
feqbzkgihs.mp4,0.05639108642935753
feqzsacurr.mp4,0.9389637112617493
fermszanqp.mp4,0.29576778411865234
fersuzuomu.mp4,0.8680835366249084
ferxzqugjl.mp4,0.9164857864379883
ferymajfia.mp4,0.1372794806957245
fesdxiprfd.mp4,0.7303059697151184
feshilyojm.mp4,0.7924123406410217
fetxwjfque.mp4,0.2069324404001236
feuawxyxue.mp4,0.5055740475654602
fevurxrrgf.mp4,0.9134551286697388
fewjjgfokg.mp4,0.986914873123169
fewvptnlit.mp4,0.9524891376495361
fexafazetd.mp4,0.9242954254150391
fexhvxfiwe.mp4,0.05299936607480049
fezasvqvsw.mp4,0.9701777100563049
fezdsrxjuz.mp4,0.943901538848877
fezfsagvyo.mp4,0.6440353989601135
ffadtqptvw.mp4,0.925136923789978
ffbcwbelsp.mp4,0.9051154255867004
ffbjlbsudv.mp4,0.9513264894485474
ffblorryhi.mp4,0.9333996772766113
ffbwehugnp.mp4,0.04883451387286186
ffcommhoby.mp4,0.04219156876206398
ffczscfkkp.mp4,0.9294530749320984
ffdbabjuix.mp4,0.9707288146018982
ffeimzbwnc.mp4,0.982763409614563
ffeuakygvq.mp4,0.9161804914474487
ffevfcjxva.mp4,0.2828003466129303
fffabxflxz.mp4,0.8908571600914001
fffpksykni.mp4,0.9665177464485168
ffgjubpsrv.mp4,0.8385604023933411
ffgpwcfvgi.mp4,0.07708197087049484
ffhdgsvsmb.mp4,0.9505026340484619
ffhxvrcxjp.mp4,0.27913859486579895
ffhzeodora.mp4,0.9588998556137085
ffidvaqcfh.mp4,0.9802014827728271
ffikhwxjgm.mp4,0.37701815366744995
ffipepamkk.mp4,0.8661879301071167
ffjdqkgdns.mp4,0.9127582907676697
ffjyjsdzcx.mp4,0.7063264846801758
ffkaazomkg.mp4,0.899587094783783
ffkhritile.mp4,0.8526774048805237
fflgzydmzd.mp4,0.047141555696725845
fflhlodwnf.mp4,0.9499109983444214
fflspkgjah.mp4,0.8953372240066528
ffmpcikyaf.mp4,0.9031670093536377
ffmtwqvngl.mp4,0.8388267755508423
ffmyqpdqdb.mp4,0.1675470620393753
ffnaeknjds.mp4,0.9792401790618896
ffpmxeaahd.mp4,0.9381356835365295
ffpwtqfazl.mp4,0.6588823199272156
ffqfbvsmkq.mp4,0.8964077234268188
ffqgsmxvuq.mp4,0.9275514483451843
ffqtwsnbjy.mp4,0.9222903251647949
ffqxkomedp.mp4,0.9411644339561462
ffqztpmqht.mp4,0.09258861839771271
ffsofssjon.mp4,0.49156761169433594
fftfdezrnh.mp4,0.9509882926940918
ffuegayswn.mp4,0.903211236000061
ffuhlmaxue.mp4,0.6119588613510132
ffvoqimwmv.mp4,0.5931052565574646
ffvwladfuh.mp4,0.9389104247093201
ffvyaaolvh.mp4,0.9334802031517029
ffxiutfknw.mp4,0.06347648799419403
ffzeueddpx.mp4,0.4530739188194275
fgaaxwisyh.mp4,0.9052432179450989
fgahummvmc.mp4,0.5368612408638
fgasybrtob.mp4,0.2652450203895569
fgaztzxuix.mp4,0.7189981937408447
fgcazspzuy.mp4,0.9678301811218262
fgcrbinglk.mp4,0.8958333134651184
fgdpgztcaw.mp4,0.9631292223930359
fgdriqscyw.mp4,0.924863874912262
fgeepyrgsa.mp4,0.948660135269165
fgeuhffsss.mp4,0.8407782316207886
fgexjqzsti.mp4,0.9808098673820496
fggnisskhq.mp4,0.9468199610710144
fggvitjdji.mp4,0.7320558428764343
fghajiuvet.mp4,0.9247580766677856
fghsaovswi.mp4,0.6723146438598633
fgicfmosym.mp4,0.9023224711418152
fgirrgiuzr.mp4,0.9234776496887207
fgjenewzsg.mp4,0.9015883803367615
fgkkhtjosp.mp4,0.8769931197166443
fgkpembbpv.mp4,0.048644717782735825
fglfkwlujv.mp4,0.06280782073736191
fglguggmiy.mp4,0.08705509454011917
fgliksrdtq.mp4,0.747505784034729
fgmbxfqoze.mp4,0.06290937960147858
fgmvhqzppo.mp4,0.8465247750282288
fgnfghzzas.mp4,0.852428674697876
fgnmillpcj.mp4,0.8499476909637451
fgnofuaqga.mp4,0.6935853958129883
fgoarsegvt.mp4,0.5402072668075562
fgpfxeovsh.mp4,0.05760195478796959
fgpjczpejr.mp4,0.9055627584457397
fgpomttfog.mp4,0.6904230117797852
fgqmmehmev.mp4,0.8673838376998901
fgrfpbvrkv.mp4,0.7319713830947876
fgrnwqhoan.mp4,0.37425553798675537
fgrxdtkqod.mp4,0.8506316542625427
fgsjbkxyjk.mp4,0.9135775566101074
fgsulgqrgk.mp4,0.8229562044143677
fgtdbexjtp.mp4,0.658389151096344
fgtpkjnclo.mp4,0.8725155591964722
fgueschpvr.mp4,0.9060402512550354
fgulametef.mp4,0.8624877333641052
fgutlhwbua.mp4,0.9222995042800903
fgvfeubemr.mp4,0.8653537631034851
fgvolxxsnq.mp4,0.9056254625320435
fgvvgcdflc.mp4,0.29420778155326843
fgwhvbmraa.mp4,0.9321351051330566
fgwnqpoakk.mp4,0.9458862543106079
fgwxkmbrfn.mp4,0.890159010887146
fgydlejwbw.mp4,0.7960283756256104
fgyohrsldo.mp4,0.9635810256004333
fgzrkfwnpt.mp4,0.541021466255188
fhafkpfjwi.mp4,0.9067071080207825
fhagtcekiy.mp4,0.12451720982789993
fhajjbenap.mp4,0.13479478657245636
fhajwvmxlg.mp4,0.9843912124633789
fhaupqvsnl.mp4,0.9888632893562317
fhbajybgmi.mp4,0.9250881671905518
fhblcnczdj.mp4,0.811987042427063
fhcicxjlyr.mp4,0.8302035927772522
fhcncljvrv.mp4,0.8438324928283691
fhczoolmco.mp4,0.9367783665657043
fhdpasazzp.mp4,0.5
fhecllzeps.mp4,0.9398227334022522
fhetmbyobx.mp4,0.08624876290559769
fhggpjcxxp.mp4,0.326373428106308
fhhgvvydre.mp4,0.7777671813964844
fhhlzspwur.mp4,0.9853491187095642
fhhohseher.mp4,0.9213609099388123
fhhortycpg.mp4,0.9334601163864136
fhhyuaqztb.mp4,0.11400452256202698
fhigdlcnhw.mp4,0.9283162355422974
fhigwcnxhr.mp4,0.8551418781280518
fhijwlldwo.mp4,0.8884848356246948
fhjifxzzxt.mp4,0.9531680941581726
fhldjotxko.mp4,0.9430150985717773
fhnlwgjnlq.mp4,0.06276024132966995
fhocwzeryw.mp4,0.8603824973106384
fhpfjjbfbi.mp4,0.6936482787132263
fhpjeivdvm.mp4,0.8902649879455566
fhpqzqvruo.mp4,0.9001847505569458
fhpwdjbmow.mp4,0.8754822611808777
fhqiimesrc.mp4,0.9147531986236572
fhqycclsvg.mp4,0.4611298441886902
fhrjtrxpsv.mp4,0.9846635460853577
fhrlkfrofk.mp4,0.9658498764038086
fhrqmneeqh.mp4,0.608403205871582
fhsdkuguju.mp4,0.9385762810707092
fhsopezelx.mp4,0.8328605890274048
fhssdtkmjy.mp4,0.874045193195343
fhtcxgzjvr.mp4,0.9555613994598389
fhucacmmfg.mp4,0.9449312090873718
fhvaxbjqjw.mp4,0.4286321997642517
fhvnuwsfdr.mp4,0.7731851935386658
fhvrvjiuxh.mp4,0.7338715195655823
fhwgrarnid.mp4,0.8980398774147034
fhwujfakld.mp4,0.7581785917282104
fhxfrtvpvh.mp4,0.7463631629943848
fhxptowtss.mp4,0.8191545605659485
fhyczuygmr.mp4,0.8603389859199524
fhysmcypsf.mp4,0.9346396923065186
fhzpmudsrj.mp4,0.8536345362663269
fhzqbegfpg.mp4,0.9018101096153259
fiaqecjvxv.mp4,0.038168955594301224
fiayeurvwb.mp4,0.7477027177810669
fibctjkhly.mp4,0.3970358073711395
fiblrjzqaq.mp4,0.9571206569671631
fibpwdkctq.mp4,0.8072811365127563
ficmlfzbul.mp4,0.9419981837272644
ficudqzpxc.mp4,0.8661359548568726
ficywnedgy.mp4,0.9442046284675598
fidfazmovh.mp4,0.8937538266181946
fidfnekxpy.mp4,0.07158507406711578
fiedmhtawp.mp4,0.9448864459991455
fiencvqrps.mp4,0.6987354159355164
fienqibwhi.mp4,0.3274010419845581
fiesmfagyt.mp4,0.9258705973625183
fifiolrugh.mp4,0.8422544598579407
fifpruwhjx.mp4,0.908993661403656
fiftvucvue.mp4,0.5122886896133423
fifuixxokg.mp4,0.9679115414619446
figuqpbovb.mp4,0.9685642719268799
figxvsdmsb.mp4,0.2920004725456238
fihhemujnh.mp4,0.742519736289978
fihjohiaiz.mp4,0.934945285320282
fihvltkgzk.mp4,0.8412861227989197
fiinousxrm.mp4,0.9560540914535522
fiiqfocsvl.mp4,0.9627799987792969
fiiwmeedpe.mp4,0.06541483849287033
fijjvsbmlr.mp4,0.9863156080245972
fimdeakoow.mp4,0.21301327645778656
fimmookvqv.mp4,0.918588399887085
finajvgncq.mp4,0.2523050606250763
findfddbfr.mp4,0.9392333626747131
finhqimpzj.mp4,0.9133744835853577
fintjppenq.mp4,0.9859721064567566
fiobjlznms.mp4,0.8881679177284241
fiosbwtuyg.mp4,0.9559621810913086
fipwnqgonh.mp4,0.0798456072807312
fiqzgirirh.mp4,0.6679502129554749
firbngucmx.mp4,0.5769411325454712
firczmxodx.mp4,0.9481674432754517
firgfjlrjk.mp4,0.380587637424469
firkihyytz.mp4,0.9249913096427917
firovdoeuw.mp4,0.9756146669387817
fisacwgrlp.mp4,0.9518579840660095
fitnascevt.mp4,0.7881736159324646
fitssbqkue.mp4,0.8987983465194702
fiuclusoxo.mp4,0.8131906986236572
fiuiofecgh.mp4,0.9273995161056519
fiwdddcccw.mp4,0.9340957999229431
fiyhcmxjst.mp4,0.8150416612625122
fizjpvkvsk.mp4,0.9066328406333923
fizlfxkrsp.mp4,0.9505904912948608
fizlnxpjpn.mp4,0.07574745267629623
fiztvpnszw.mp4,0.8826501965522766
fjaomdpqkk.mp4,0.13176238536834717
fjarqdvuea.mp4,0.8650828003883362
fjatdgwaux.mp4,0.8502919673919678
fjaxqoxlkt.mp4,0.9176337122917175
fjbfbanlyx.mp4,0.626197874546051
fjbputqtrr.mp4,0.9405549168586731
fjccoyatzx.mp4,0.9472615122795105
fjcoszukly.mp4,0.9467895030975342
fjcyoixqau.mp4,0.9644486308097839
fjdbygjzfi.mp4,0.9211628437042236
fjdkxakecv.mp4,0.9681205749511719
fjdsoxkkwo.mp4,0.8274325132369995
fjdvhqckev.mp4,0.4868236780166626
fjdykbckzi.mp4,0.4643411934375763
fjebxgfrls.mp4,0.7819181680679321
fjejdkbdvo.mp4,0.7855512499809265
fjgncibwbl.mp4,0.567530632019043
fjgqrphojl.mp4,0.14200595021247864
fjguqfldav.mp4,0.912717342376709
fjhappnjbd.mp4,0.8335327506065369
fjhjtwijnb.mp4,0.8994187116622925
fjjhbclmle.mp4,0.8229243159294128
fjjjwcibmv.mp4,0.9303089380264282
fjjvhpfmuh.mp4,0.8157225251197815
fjkbiwdyus.mp4,0.9229985475540161
fjkgcykspg.mp4,0.9003185033798218
fjklrvzpic.mp4,0.7380751967430115
fjmbzlsdux.mp4,0.9178062081336975
fjncnvgpad.mp4,0.9136635065078735
fjnetcxhnu.mp4,0.8878127932548523
fjnoqfxzxf.mp4,0.15640683472156525
fjnvsgejnv.mp4,0.10692263394594193
fjozlghihm.mp4,0.7008064389228821
fjpoqomzvd.mp4,0.9336346983909607
fjqmjlbmad.mp4,0.9668302536010742
fjqtmpofjl.mp4,0.25305789709091187
fjqzlccxlq.mp4,0.8938125371932983
fjrcjisybg.mp4,0.8877630829811096
fjrleuhnha.mp4,0.9531469345092773
fjrovfpsmq.mp4,0.929658830165863
fjsbsydeai.mp4,0.07100282609462738
fjsuelxaqo.mp4,0.957256019115448
fjtbnvcpzk.mp4,0.44579315185546875
fjteinuizg.mp4,0.965187668800354
fjtgipzeyf.mp4,0.1590147167444229
fjuatujczy.mp4,0.4263482391834259
fjubmqudgd.mp4,0.09745905548334122
fjuwxqapzb.mp4,0.24528588354587555
fjwahrdeqo.mp4,0.07945751398801804
fjyqdlthcg.mp4,0.9236697554588318
fjzubtympu.mp4,0.8177383542060852
fjzxygdweh.mp4,0.9499779343605042
fkarxowzuf.mp4,0.05963829904794693
fkazlahbrz.mp4,0.9685801863670349
fkbrpnuxyl.mp4,0.9113244414329529
fkcgxxbyge.mp4,0.12973910570144653
fkdfmcfqqw.mp4,0.7658763527870178
fkdjmbfxdq.mp4,0.05542723089456558
fkdmipkufb.mp4,0.47022032737731934
fkebsdemzh.mp4,0.44709280133247375
fkessgvekm.mp4,0.8254754543304443
fkezygjoqi.mp4,0.9601273536682129
fkfvbdqmbr.mp4,0.08421119302511215
fkfxnvftvc.mp4,0.06563670188188553
fkgheptmfg.mp4,0.8925961852073669
fkgibqzujd.mp4,0.8945082426071167
fkhmutejpi.mp4,0.9576008915901184
fkipjvtayq.mp4,0.9637855291366577
fkiztawrtv.mp4,0.3953005075454712
fkjegdwqur.mp4,0.05186954885721207
fkkkfalzza.mp4,0.8907540440559387
fkkmxwjkxb.mp4,0.6422068476676941
fkksbgaibl.mp4,0.9656279683113098
fklmgqcgrs.mp4,0.9771026372909546
fklyibsgua.mp4,0.4332909882068634
fkmalnfjee.mp4,0.08097086101770401
fkmjfvjqru.mp4,0.8941731452941895
fkmxqizsjr.mp4,0.35666829347610474
fkneuizzgi.mp4,0.9051340222358704
fknfzuxfmy.mp4,0.9654504656791687
fknhmjdimp.mp4,0.9688470959663391
fknnakjgzg.mp4,0.861029863357544
fkojclpsdn.mp4,0.8447895646095276
fkougtewkt.mp4,0.9134392142295837
fkpcwebkya.mp4,0.900477945804596
fkpjlgnzsm.mp4,0.9127077460289001
fkpjpyhtax.mp4,0.036608751863241196
fkqhgokyxc.mp4,0.05766046792268753
fkqzkrmfto.mp4,0.8307896852493286
fkrkfbbdfu.mp4,0.8958812355995178
fkrmyvxocc.mp4,0.962515652179718
fkseutlgmb.mp4,0.07914143800735474
fksypzmavv.mp4,0.9480991363525391
fktidqvkou.mp4,0.6495362520217896
fkujbfnief.mp4,0.9160394668579102
fkukyvanom.mp4,0.872785210609436
fkwpvrnoda.mp4,0.9125965237617493
fkxemhhdyx.mp4,0.9659103751182556
fkxgrokggj.mp4,0.9076849222183228
fkxomsatzv.mp4,0.9226212501525879
fkxruylypw.mp4,0.8614928126335144
fkyhglxxlk.mp4,0.1238594651222229
fkytehbasw.mp4,0.4926151633262634
fkywnulhhf.mp4,0.8851181268692017
fkzarhkmyp.mp4,0.19138787686824799
fkzggoiekp.mp4,0.7496039271354675
flaiajndsl.mp4,0.7571576237678528
flammdszzo.mp4,0.9141203165054321
flbcqpdqae.mp4,0.9482358694076538
flbxvsolki.mp4,0.9638571739196777
flcanezyoy.mp4,0.9651997089385986
flfzlkjocf.mp4,0.08688808977603912
flhbuwzapo.mp4,0.8765264749526978
flhdsqdkib.mp4,0.736049473285675
flhgpumdbh.mp4,0.9237023591995239
flhvldseej.mp4,0.6389403939247131
flhzurjzwa.mp4,0.9488462209701538
fliewwrjck.mp4,0.9005985856056213
flinzslzrw.mp4,0.7797211408615112
fliyvtgbru.mp4,0.7968469262123108
fljtrmcohq.mp4,0.9742787480354309
flkcbvanpt.mp4,0.929914116859436
flkslbrgee.mp4,0.9464779496192932
flkyfvztfn.mp4,0.8474313020706177
flkyoehsyh.mp4,0.8729329705238342
fllccgwlhc.mp4,0.34604939818382263
flldsxhkvp.mp4,0.9452523589134216
fllljvuqqa.mp4,0.503555417060852
flmdswijrq.mp4,0.9535195231437683
flmewpbxmc.mp4,0.6539709568023682
flnhfqfhsk.mp4,0.9176986217498779
flnprphysg.mp4,0.095204658806324
flnpuftppy.mp4,0.9459449648857117
flnyajzhsn.mp4,0.8943946957588196
floigrrodm.mp4,0.8385332226753235
flollgxopn.mp4,0.049199145287275314
flomkvxbkm.mp4,0.6405206918716431
floukjwtsj.mp4,0.8960323929786682
floxovbpvo.mp4,0.9499003291130066
flpaebsyzf.mp4,0.5531013011932373
flplwlvpqh.mp4,0.8021698594093323
flqgmnetsg.mp4,0.1201554462313652
flqusvanls.mp4,0.820067286491394
flqwmxveir.mp4,0.8849018216133118
flrucvbppu.mp4,0.964861273765564
flsjziutgl.mp4,0.8671836853027344
flsrhzzazq.mp4,0.9308255910873413
fltaubcdoo.mp4,0.8550528287887573
fltaysfwct.mp4,0.0751606747508049
fltpouphzs.mp4,0.9329184293746948
fltwqzypjm.mp4,0.27264806628227234
fluhrncpuv.mp4,0.9526010751724243
flvarrfpdw.mp4,0.9282668828964233
flwyxwkbut.mp4,0.8659190535545349
flxhyvalil.mp4,0.45998692512512207
flyapytwzl.mp4,0.9499933123588562
flyfushrwr.mp4,0.7474710941314697
flynvldesl.mp4,0.5555316209793091
flyuhvlaef.mp4,0.1486685574054718
flzlyrexie.mp4,0.8268305659294128
fmaaowxqpw.mp4,0.09506439417600632
fmauvgencv.mp4,0.8122544288635254
fmbbuabmed.mp4,0.8404673933982849
fmbcendnnh.mp4,0.9636839032173157
fmbltvunyt.mp4,0.8923848867416382
fmbzbsmhux.mp4,0.9352530837059021
fmchohvhsr.mp4,0.9207945466041565
fmcrhaisxl.mp4,0.9581121802330017
fmcwxcyaii.mp4,0.1693037748336792
fmdzinswpj.mp4,0.9247065186500549
fmemykshyq.mp4,0.05171893537044525
fmfazqqfvk.mp4,0.029763272032141685
fmfhevvcpq.mp4,0.6250175833702087
fmgloiqwnn.mp4,0.05209384113550186
fmgtdrcvlx.mp4,0.5491822957992554
fmhazobreq.mp4,0.9358805418014526
fmhulqdldk.mp4,0.9456314444541931
fmhvovidjv.mp4,0.7682962417602539
fmhytvqaaf.mp4,0.6543291211128235
fmjocrmuqq.mp4,0.9226887822151184
fmkbvsztfc.mp4,0.7703174948692322
fmklixparn.mp4,0.9335945248603821
fmkusgfdux.mp4,0.15147936344146729
fmljdvhwtj.mp4,0.8428822159767151
fmmiwdulyz.mp4,0.9819647073745728
fmnpsjdxov.mp4,0.8533907532691956
fmnzbwtjep.mp4,0.8501275181770325
fmorhnqepu.mp4,0.9547861218452454
fmoywdmssi.mp4,0.9437847137451172
fmpigpxfbw.mp4,0.07144168019294739
fmplybyyxg.mp4,0.9198639392852783
fmqeetdhyv.mp4,0.9159058928489685
fmqihbcfhs.mp4,0.05649587884545326
fmqmruhhmz.mp4,0.838099479675293
fmrzjlkiql.mp4,0.09292102605104446
fmsgdzjzty.mp4,0.963952362537384
fmsrtebgmj.mp4,0.5327484607696533
fmsscfpyla.mp4,0.8233869671821594
fmstmvsghc.mp4,0.9067261219024658
fmsxomanga.mp4,0.13863657414913177
fmsxwtarwd.mp4,0.28235873579978943
fmteuebzfk.mp4,0.967727541923523
fmtgjesjzx.mp4,0.9494980573654175
fmuncwjpej.mp4,0.8917185068130493
fmvcabnbtz.mp4,0.7147960066795349
fmvdkhucsz.mp4,0.8842580318450928
fmvpyahacc.mp4,0.9483594298362732
fmwmqitpkw.mp4,0.8622370362281799
fmxawwhlub.mp4,0.05919305980205536
fmxesahfet.mp4,0.9791021347045898
fmyehmzinn.mp4,0.07443752884864807
fmyisvlyyf.mp4,0.9600578546524048
fmzufgwlyj.mp4,0.921383261680603
fmzxptgzut.mp4,0.9877561330795288
fnashzpuhh.mp4,0.9242115020751953
fnbwfrgbam.mp4,0.9188039898872375
fncnobpzzx.mp4,0.9134402871131897
fncvzofotd.mp4,0.8895818591117859
fncxxdmkfx.mp4,0.9158753752708435
fncypiszkf.mp4,0.09934376925230026
fndnlvxbyw.mp4,0.45481711626052856
fnejwhwdee.mp4,0.9156429767608643
fnejwlvvsg.mp4,0.9047551155090332
fnfgtxzmjh.mp4,0.46773141622543335
fnfjxjfrtn.mp4,0.92331862449646
fnfrwdxyoy.mp4,0.9582911729812622
fnhvmlysxv.mp4,0.8900847434997559
fnicwoxeln.mp4,0.2519536018371582
fnjbfxdvms.mp4,0.7472701668739319
fnjmbozylf.mp4,0.9612551331520081
fnjslfddlh.mp4,0.8917734622955322
fnkscusoao.mp4,0.9183986186981201
fnlejrhfgp.mp4,0.9018029570579529
fnlyouwxau.mp4,0.8600040078163147
fnlzgmvxwg.mp4,0.8979572057723999
fnmtbntlyi.mp4,0.893459141254425
fnnahethgq.mp4,0.9075661897659302
fnprhpkkyw.mp4,0.8815733790397644
fnpterildn.mp4,0.5205379128456116
fnqrydakgc.mp4,0.09923789650201797
fntbthvvfj.mp4,0.8782243132591248
fntrideeyb.mp4,0.906662106513977
fnudsphmnk.mp4,0.9134774804115295
fnutlphems.mp4,0.8389376401901245
fnvpzsivsc.mp4,0.6176314353942871
fnvrpfpgzy.mp4,0.9111045598983765
fnwadlstxu.mp4,0.9338417053222656
fnwqxqecnm.mp4,0.9633803367614746
fnwvqdprhw.mp4,0.8074242472648621
fnxlgapxgx.mp4,0.6349284052848816
fnzmlwhhdd.mp4,0.8704933524131775
foaccrhqhv.mp4,0.788166344165802
fobfcnhvhg.mp4,0.8980497717857361
fobuloidrt.mp4,0.986027717590332
fodalblhcd.mp4,0.9145616888999939
fodlygqrcx.mp4,0.9808576107025146
foevravwbd.mp4,0.8829066753387451
fofqxuuryw.mp4,0.9787163138389587
fogmyovwjt.mp4,0.6957244873046875
fogrzoxrch.mp4,0.8751141428947449
fogvuxsrmh.mp4,0.0708053931593895
fogzkcgwzv.mp4,0.7173492312431335
fohgifymhw.mp4,0.9711271524429321
fohmhzhhuc.mp4,0.2865687608718872
fohnwahvbr.mp4,0.8731836676597595
foioktmbsk.mp4,0.956304669380188
foishnxozg.mp4,0.12014759331941605
foiuifhdhs.mp4,0.954476535320282
fojbikmxjv.mp4,0.9648579955101013
fojjdrqzkz.mp4,0.861685037612915
fojncnzzrs.mp4,0.9536272287368774
fojswhagff.mp4,0.0813283920288086
fokbqgxrdf.mp4,0.07032866775989532
foknrqirmu.mp4,0.7446538805961609
fokqgsgsku.mp4,0.7357024550437927
fokuimoqkh.mp4,0.908606767654419
folanrdfbq.mp4,0.08741418272256851
foligrwxod.mp4,0.8352928161621094
folnravvyf.mp4,0.9517436027526855
folvmimysf.mp4,0.8645925521850586
folvmlxzwp.mp4,0.8340202569961548
folxcvvtgq.mp4,0.8868555426597595
fomgviyohz.mp4,0.9068353176116943
fonfhgffun.mp4,0.9724658727645874
fongjhcwvu.mp4,0.7739608287811279
foodomqkvq.mp4,0.8073115944862366
fophlxjwol.mp4,0.8742815852165222
foptkvfuhs.mp4,0.9320900440216064
forrseurea.mp4,0.8266035318374634
fosovipqkg.mp4,0.9309130907058716
fotvxamhxh.mp4,0.9108186960220337
fowpmphaya.mp4,0.9869173169136047
fowsqtlwmo.mp4,0.8820909261703491
foxdqteooy.mp4,0.33005958795547485
foxpjxasnv.mp4,0.9305493235588074
foxwczjakn.mp4,0.6294686198234558
foycsccyvb.mp4,0.9592979550361633
foyhauzvch.mp4,0.9420346617698669
foyhraedej.mp4,0.9607505798339844
foynwjsqeh.mp4,0.0837622806429863
fpafdiehsl.mp4,0.9375734329223633
fpamtxbdvu.mp4,0.5365089774131775
fpbiwajwdo.mp4,0.9613677859306335
fpbjlolmcw.mp4,0.3244993984699249
fpbljvtjqf.mp4,0.940123438835144
fpdlpbqjjs.mp4,0.9521945118904114
fpelumatcz.mp4,0.9198168516159058
fpfljuvbxj.mp4,0.922748327255249
fpfwzjdhrd.mp4,0.73042231798172
fpgacmtdsi.mp4,0.9549552798271179
fpgbqmqesb.mp4,0.8411647081375122
fpgmlnpyys.mp4,0.17213954031467438
fpgzavhexk.mp4,0.9790955185890198
fpiowljlrq.mp4,0.9820149540901184
fpjczdegjy.mp4,0.6407589316368103
fpjemqymbe.mp4,0.776520848274231
fpkrkluigq.mp4,0.8249852061271667
fpliemtlco.mp4,0.8581606149673462
fplilgkdcc.mp4,0.8758706450462341
fplkqksnhk.mp4,0.9037551283836365
fplloskddq.mp4,0.9179724454879761
fpmgdktbyh.mp4,0.26501891016960144
fpmkrioqgi.mp4,0.6435217261314392
fpmpqbwmba.mp4,0.8950515389442444
fpmvwcxbfy.mp4,0.8038515448570251
fpnhdbfleu.mp4,0.9642230272293091
fpnkzegrps.mp4,0.5708703994750977
fpobacwdrp.mp4,0.8584103584289551
fposdoyraa.mp4,0.9185814261436462
fpoykttcqn.mp4,0.28097811341285706
fppkprrydv.mp4,0.8974395990371704
fpplivvwri.mp4,0.9003676176071167
fppmxmbxou.mp4,0.8098580837249756
fpqcsldjwl.mp4,0.8640045523643494
fpqovzxuwc.mp4,0.8543219566345215
fprgwxrvts.mp4,0.9179679155349731
fprlzalyrz.mp4,0.9143906235694885
fprnaorizo.mp4,0.6982729434967041
fpshkzmddp.mp4,0.8395867347717285
fpskkbpdxo.mp4,0.7826274037361145
fptqmjcpuo.mp4,0.7767722010612488
fpwgkerlun.mp4,0.40458008646965027
fpwxlhamap.mp4,0.8953779935836792
fpxoorpqkv.mp4,0.9879747629165649
fpxqlwbeib.mp4,0.9664626717567444
fpynidpwoa.mp4,0.21154449880123138
fpyqdbklly.mp4,0.2600587010383606
fpyybnkagb.mp4,0.07205898314714432
fpzgpmoxcm.mp4,0.8962874412536621
fpzlthygvg.mp4,0.9083749055862427
fpzpgbugxm.mp4,0.7557060718536377
fpzyggmqzp.mp4,0.6078137755393982
fpzznseyxj.mp4,0.1473996788263321
fqagmuruwt.mp4,0.9283630847930908
fqauipezfi.mp4,0.9415606260299683
fqbqsyubzm.mp4,0.8930429220199585
fqbzpfodlz.mp4,0.8914214372634888
fqcifwcdsv.mp4,0.9030128717422485
fqcjzgcmey.mp4,0.681030809879303
fqdddnovfa.mp4,0.06870126724243164
fqdklzzkfj.mp4,0.21424217522144318
fqdziaezmb.mp4,0.302298367023468
fqeilecqej.mp4,0.06040146201848984
fqepjykfru.mp4,0.7364585995674133
fqetglngae.mp4,0.9259340167045593
fqfdqnkssk.mp4,0.9353024959564209
fqfhwmtasl.mp4,0.9127019047737122
fqgkpaxdgj.mp4,0.7712479829788208
fqhodbgbti.mp4,0.6727482080459595
fqiatkiapa.mp4,0.7610548734664917
fqjbeyxeph.mp4,0.903727114200592
fqjbooptlq.mp4,0.2328043282032013
fqjicqoasu.mp4,0.9061761498451233
fqjiyckgrj.mp4,0.8874970078468323
fqkaaaagkw.mp4,0.23843003809452057
fqkhinwwqy.mp4,0.13944889605045319
fqktrpqfto.mp4,0.9384275674819946
fqlbrfbiyz.mp4,0.9338374733924866
fqldtuhspe.mp4,0.9547255635261536
fqlmhrmeem.mp4,0.2988976240158081
fqlrqjhxjq.mp4,0.0869552418589592
fqngozhtfk.mp4,0.7451785206794739
fqovtlzwkd.mp4,0.8901309370994568
fqpphcbruh.mp4,0.17138633131980896
fqqqmfvanh.mp4,0.9457656741142273
fqqrhjuptg.mp4,0.44552937150001526
fquechyqjk.mp4,0.9075698256492615
fqumxjnljo.mp4,0.8720660209655762
fqvriaaihu.mp4,0.11079668998718262
fqweeualqa.mp4,0.0482633039355278
fqwzflygtt.mp4,0.5802985429763794
fqxkglialr.mp4,0.9413713216781616
fqxlphzpsr.mp4,0.6308991312980652
fqyldrcuot.mp4,0.9103529453277588
fradpsybuj.mp4,0.05819501355290413
fragqhpdjo.mp4,0.8372352123260498
frakdhccek.mp4,0.8842440843582153
fraqjvnoxk.mp4,0.12215278297662735
frbdbkxaim.mp4,0.23163211345672607
frbjsddtei.mp4,0.08799979835748672
frbpaxqayg.mp4,0.7999066114425659
frcorwepoo.mp4,0.7699044346809387
frcplqrpgo.mp4,0.7824358940124512
frdhhppcpm.mp4,0.709544837474823
frdiruneji.mp4,0.08804597705602646
frehtgxiln.mp4,0.08059544861316681
freqivezwh.mp4,0.8856667876243591
frfahhmjwh.mp4,0.3445436954498291
frfllvgtlg.mp4,0.1768471598625183
frflyqooor.mp4,0.9412122368812561
frgejoibtz.mp4,0.91966313123703
frhpqtmdjq.mp4,0.9454681873321533
frhuxhpzvv.mp4,0.9025474786758423
frirfsdmoi.mp4,0.9255773425102234
frjbrjdbmz.mp4,0.7472911477088928
frkaigebav.mp4,0.9466239809989929
frkhhpwfjr.mp4,0.6742811799049377
frksxzccfm.mp4,0.9024198055267334
frkytkjxmh.mp4,0.11844389885663986
frlqwnbkjo.mp4,0.9095708727836609
frlzzsjamb.mp4,0.6468328237533569
frmrtwfbmc.mp4,0.8930557370185852
frnfvrofek.mp4,0.815666675567627
frnxgmjnre.mp4,0.9356501698493958
fromclsodq.mp4,0.8987813591957092
frompgpzhp.mp4,0.9530586004257202
frotgcqrde.mp4,0.937235414981842
frovxkqksr.mp4,0.9357446432113647
frowxiaclv.mp4,0.7650377154350281
frpefqshmo.mp4,0.5040857791900635
frpexffkhf.mp4,0.8150474429130554
frplqcissc.mp4,0.9080052375793457
frprbewzjq.mp4,0.4597693681716919
frqijjzpxl.mp4,0.6196887493133545
frqrlcfuno.mp4,0.6268569827079773
frrebqdqvj.mp4,0.8826602697372437
frrhyudilh.mp4,0.5996262431144714
frrqtjofwm.mp4,0.4389150142669678
frruapayul.mp4,0.7683533430099487
frthyifvlh.mp4,0.23748303949832916
frtokkkhku.mp4,0.21078833937644958
fruopjdxju.mp4,0.9381822347640991
frvcncumpb.mp4,0.8746961951255798
frvtnsalmk.mp4,0.9403567314147949
frwbewtgds.mp4,0.7804657816886902
frwgsmwayz.mp4,0.9316190481185913
frwhjxinqn.mp4,0.9087589979171753
frwivvbysq.mp4,0.7852287292480469
frwzzishwb.mp4,0.6334124803543091
frxmydygsm.mp4,0.9363704919815063
fryjurazkm.mp4,0.8804991245269775
frykkgbxnp.mp4,0.9637603163719177
fryqvgqkgt.mp4,0.9156238436698914
fryskdgsfd.mp4,0.8476503491401672
frzcjhetav.mp4,0.6899087429046631
frzrswqycd.mp4,0.23411154747009277
fsaakkrvdh.mp4,0.9159185290336609
fsalrjsyzm.mp4,0.9805586338043213
fsbabrxhqy.mp4,0.607050895690918
fsbtznktag.mp4,0.9074288606643677
fscyfygpyk.mp4,0.06664831936359406
fsdgpysupr.mp4,0.9743424654006958
fsdoseabco.mp4,0.6303273439407349
fsdqterpek.mp4,0.7369879484176636
fsdrhxyoek.mp4,0.3004036247730255
fsdzaamgvj.mp4,0.9279720783233643
fsdzwjnxgo.mp4,0.9384067058563232
fseikzintc.mp4,0.9714813232421875
fsepjiwjrt.mp4,0.9628322124481201
fsfjlwwsen.mp4,0.4649425745010376
fsgghwymiv.mp4,0.1432110071182251
fsghozvjzf.mp4,0.2673773169517517
fshykjkois.mp4,0.9695771932601929
fsisgbssxe.mp4,0.9476125240325928
fsizmovxoc.mp4,0.9164057374000549
fsjccjuqwf.mp4,0.6779051423072815
fsjobllsfc.mp4,0.9000499844551086
fsjtihxnza.mp4,0.9797539710998535
fsjwjzqsjg.mp4,0.824752688407898
fsjxsewmig.mp4,0.8731784224510193
fsktkgbrkx.mp4,0.7609930634498596
fslfwiqeau.mp4,0.8826605081558228
fslolunawz.mp4,0.9865182042121887
fsmhupspqn.mp4,0.4734196066856384
fsmwlfevvp.mp4,0.7489864230155945
fsnbfdzbhq.mp4,0.7959488034248352
fsnliqatbu.mp4,0.3302974998950958
fsoallmiov.mp4,0.8819234371185303
fsofonchgl.mp4,0.906951367855072
fsowcwypwz.mp4,0.48681607842445374
fspqoeuomc.mp4,0.9721593260765076
fsqpfckyho.mp4,0.8711904287338257
fsrrqxkqob.mp4,0.9469529390335083
fssgvipbhk.mp4,0.5025558471679688
fssmndjcbn.mp4,0.8853976726531982
fsuetbnklu.mp4,0.9489254951477051
fsvmxcelxe.mp4,0.32372140884399414
fsvnhagxec.mp4,0.8673778772354126
fsvnrnvmfa.mp4,0.03583073243498802
fsvpkugfxi.mp4,0.10043738782405853
fswfiespcl.mp4,0.9402283430099487
fswwddokin.mp4,0.5545453429222107
fsxhzufpmy.mp4,0.28854209184646606
fsxjbjvymh.mp4,0.16719266772270203
fsxjpxakzo.mp4,0.7891455292701721
fsxqjdqbpw.mp4,0.5679522156715393
fsxwyhjxgo.mp4,0.10269718617200851
fszcqehjmw.mp4,0.8107123374938965
fszehmumqx.mp4,0.04570392891764641
fsznbbsqvl.mp4,0.8997145891189575
ftabdmxjkr.mp4,0.945984423160553
ftaeibmzmt.mp4,0.14287886023521423
ftafvawnwv.mp4,0.8417918086051941
ftbsncpcok.mp4,0.9488695859909058
ftcduclzsf.mp4,0.9030282497406006
ftcxyxeovu.mp4,0.7108514308929443
ftfemkjnot.mp4,0.16352154314517975
ftfjpzqcrn.mp4,0.6353152394294739
ftfnypwddf.mp4,0.9721715450286865
ftfsuunqay.mp4,0.1055394634604454
ftfvgqdqxw.mp4,0.9323385953903198
ftgfedcldy.mp4,0.9301795959472656
ftgxeeihuv.mp4,0.9742093682289124
ftgzrawqsd.mp4,0.944016695022583
fthbksnfqm.mp4,0.9146491289138794
fthzcibwic.mp4,0.7657684683799744
ftigwkkobr.mp4,0.930026113986969
ftjbpmvcdq.mp4,0.9065755009651184
ftjknepqls.mp4,0.9133591055870056
ftjqarnhtf.mp4,0.4354799687862396
ftlbjqrvag.mp4,0.9007091522216797
ftlfdigxjf.mp4,0.9893113374710083
ftltvfacxy.mp4,0.8531562089920044
ftlxdbinct.mp4,0.8991105556488037
ftmcjwndiy.mp4,0.8903684616088867
ftnbjgcrdu.mp4,0.9392172694206238
ftnmqzkxve.mp4,0.9585796594619751
ftoecttrok.mp4,0.40103578567504883
ftoflgzwen.mp4,0.9170630574226379
ftoqbarusn.mp4,0.6430701613426208
ftowheytwl.mp4,0.9390679597854614
ftpdiarmjx.mp4,0.9329885840415955
ftpppcihhj.mp4,0.6481306552886963
ftqvvdajzt.mp4,0.43465307354927063
ftrdtiyvre.mp4,0.9331611394882202
ftrjuxfinz.mp4,0.9116469621658325
ftrucvkebp.mp4,0.8802836537361145
ftrxdvzqhm.mp4,0.9105490446090698
ftsgwzxvcm.mp4,0.9065476059913635
ftsinjrjap.mp4,0.9034168124198914
ftsuphblcw.mp4,0.8542386889457703
ftuhvimneu.mp4,0.8424602150917053
ftulgaascq.mp4,0.9043352603912354
ftumoftfoa.mp4,0.9622540473937988
ftwhwusbct.mp4,0.8301839828491211
ftwtfucugq.mp4,0.9113603234291077
ftxavczbvi.mp4,0.15099936723709106
ftxsiqlwtu.mp4,0.9333944320678711
ftyclxgnbp.mp4,0.7387188076972961
ftysdaiuxo.mp4,0.9562441110610962
ftzqywawya.mp4,0.9200311303138733
ftzwhmsoht.mp4,0.8698456883430481
fuagrqknja.mp4,0.92527174949646
fuaiefbxdv.mp4,0.8671448826789856
fuajmaivsx.mp4,0.9839474558830261
fuakjlnfem.mp4,0.09384506195783615
fuanewhvas.mp4,0.9108859300613403
fubgavgwzr.mp4,0.9866528511047363
fubmyjkozi.mp4,0.08449941128492355
fubvyuvals.mp4,0.8049722909927368
fudctgiqtg.mp4,0.13994403183460236
fudosbrkez.mp4,0.9898234009742737
fudzlwacws.mp4,0.6539877653121948
fuegzrizzn.mp4,0.1750393956899643
fueiqjfgoq.mp4,0.8564032912254333
fuejnktipj.mp4,0.8560324907302856
fugkmklkbx.mp4,0.9418957829475403
fuguahashf.mp4,0.6389955282211304
fuicodhcgx.mp4,0.22298292815685272
fuilvipjlk.mp4,0.5789952874183655
fuiqfutwni.mp4,0.9206281304359436
fuixycdfqu.mp4,0.9403382539749146
fujsgbgiho.mp4,0.2606414258480072
fujulinofp.mp4,0.8446391820907593
fujvppauoz.mp4,0.7929496765136719
fujwbsqeaf.mp4,0.8455297946929932
fukjiykwxz.mp4,0.8780266642570496
fukwwdnwkd.mp4,0.9279226064682007
fuldvurmus.mp4,0.9390981197357178
fuljlvpbef.mp4,0.8450538516044617
fumuxndmpv.mp4,0.9452444314956665
fuobmswltj.mp4,0.14228184521198273
fuojhffxqu.mp4,0.8804284930229187
fuolxbpwez.mp4,0.9548421502113342
fupbjsydcj.mp4,0.10190851986408234
fupbzybwis.mp4,0.9429020285606384
fupcyuhxkg.mp4,0.9502856135368347
furmkbqxwv.mp4,0.8327912092208862
furokqojrv.mp4,0.17962948977947235
furtuxzyvp.mp4,0.9095923900604248
fusrkgmrrk.mp4,0.9446533918380737
fusxlaflim.mp4,0.8902745246887207
futwxyhbfw.mp4,0.9536572098731995
fuwevjkmdp.mp4,0.8999427556991577
fuwwnuxbgt.mp4,0.7896370887756348
fuxgucedwt.mp4,0.9591501951217651
fuxqrqojwj.mp4,0.8037567734718323
fuykcvxujp.mp4,0.7823694944381714
fuymdjiuzq.mp4,0.9369295239448547
fuypoadobu.mp4,0.8754016160964966
fuyvcjmibg.mp4,0.444420725107193
fuywworttr.mp4,0.9346879720687866
fuzgtljhff.mp4,0.9096396565437317
fuzrbxbkji.mp4,0.9541527032852173
fvaezfnuox.mp4,0.9069089889526367
fvajvzdnac.mp4,0.9241045117378235
fvavuiptrw.mp4,0.5634389519691467
fvbtehwpgw.mp4,0.7071966528892517
fvchcrryfk.mp4,0.7941191792488098
fvdhqemlxe.mp4,0.7859388589859009
fvfqgkvjqx.mp4,0.9017888307571411
fvfwdvzqsm.mp4,0.8602455854415894
fvgimbewza.mp4,0.8934486508369446
fvgsbqodny.mp4,0.08153462409973145
fvgzwzgbkh.mp4,0.8847731351852417
fvhfqqhgll.mp4,0.8680543899536133
fvjprteokk.mp4,0.7705499529838562
fvkwkrdqgy.mp4,0.9613505601882935
fvlajylxog.mp4,0.9371880888938904
fvlfbjtljl.mp4,0.9402688145637512
fvllcbmwoo.mp4,0.42904090881347656
fvlmjzkqyy.mp4,0.6056877374649048
fvlrujrzre.mp4,0.10289417952299118
fvlujjqkdv.mp4,0.9262193441390991
fvlutprvjv.mp4,0.9712864756584167
fvlxhoaldp.mp4,0.060257039964199066
fvmgomeatk.mp4,0.9138151407241821
fvmzqfflwe.mp4,0.9126794338226318
fvnfyukhpd.mp4,0.8852404356002808
fvnxxhzfqk.mp4,0.9247404932975769
fvorzqpgps.mp4,0.9571524262428284
fvouuqxulb.mp4,0.9876591563224792
fvpbfxcigp.mp4,0.06588561087846756
fvpxbrdkpm.mp4,0.8464670181274414
fvqdfifffn.mp4,0.6261928081512451
fvrhhxqcmh.mp4,0.8035871982574463
fvscjrdxcd.mp4,0.539448082447052
fvtdxqdsmv.mp4,0.9044342637062073
fvtinjiwqm.mp4,0.9715542197227478
fvufsmerkn.mp4,0.9363614320755005
fvugsjlvkw.mp4,0.9082554578781128
fvuwsbciqk.mp4,0.2003832459449768
fvuxmhaowa.mp4,0.690072238445282
fvuzptqoba.mp4,0.08329037576913834
fvvfdtnuey.mp4,0.9761081337928772
fvvuzjbsqe.mp4,0.8989683985710144
fvvzvoommr.mp4,0.8787238597869873
fvwhpsrmwx.mp4,0.07784827798604965
fvwjqnwzdl.mp4,0.064207524061203
fvwqdwzrcc.mp4,0.9874219298362732
fvxoirrpou.mp4,0.1048634946346283
fvxwaazoiy.mp4,0.9568578600883484
fvxyegqlzr.mp4,0.36881589889526367
fvygagxyuk.mp4,0.8639344573020935
fvyqxyrvjj.mp4,0.9672998189926147
fvyuztddwy.mp4,0.9284200668334961
fvzfpquoxe.mp4,0.8777738809585571
fvznsdnabi.mp4,0.5147900581359863
fvzwfxnerd.mp4,0.5254697799682617
fwaxkocbeq.mp4,0.9060769081115723
fwbkkigixs.mp4,0.7436978220939636
fwboxgwtlw.mp4,0.934878945350647
fwbvksfidm.mp4,0.7614970803260803
fwbyrxyuyo.mp4,0.34109875559806824
fwcgtjuqgl.mp4,0.9314999580383301
fwcsbrbbpr.mp4,0.8146247267723083
fwcupeteho.mp4,0.6378334760665894
fweczwhjec.mp4,0.9527547955513
fwekhphoqr.mp4,0.46976009011268616
fwezlxinox.mp4,0.9807727336883545
fwfjzavjtz.mp4,0.9052533507347107
fwheahaubn.mp4,0.866428017616272
fwhybkmfty.mp4,0.31262484192848206
fwipdcerra.mp4,0.20894655585289001
fwisndrpzm.mp4,0.0702730044722557
fwjhcmqmgk.mp4,0.9695811867713928
fwjhcqlmfd.mp4,0.8606640100479126
fwjkjwelbt.mp4,0.7811556458473206
fwjrzhcina.mp4,0.8821045756340027
fwjsbmxkua.mp4,0.2722809910774231
fwksvucglh.mp4,0.13366574048995972
fwkyxvdmff.mp4,0.9590631723403931
fwngrtvaee.mp4,0.139393612742424
fwngwlcgva.mp4,0.06642600893974304
fwnoxicsrx.mp4,0.8858675360679626
fwoclhwwjg.mp4,0.04938244819641113
fwopacxcxn.mp4,0.7797932028770447
fwosuimbgb.mp4,0.8638348579406738
fwovqngwcu.mp4,0.8985711336135864
fwoxsbbkae.mp4,0.9705770611763
fwpadpugqn.mp4,0.9268608093261719
fwpgeqpsoj.mp4,0.3889690935611725
fwpoqmoihm.mp4,0.1474313735961914
fwpoxuktzn.mp4,0.8868777751922607
fwqfzyxydh.mp4,0.8673177361488342
fwqgrgdfyc.mp4,0.7028799653053284
fwraxwqaql.mp4,0.9039673209190369
fwrcfaglhz.mp4,0.15327276289463043
fwrpbsdywt.mp4,0.8984429836273193
fwrsclmglu.mp4,0.8863891363143921
fwrvxpcliu.mp4,0.049269769340753555
fwsehsenea.mp4,0.9157207012176514
fwsfhblpie.mp4,0.7928942441940308
fwsvkjqyjr.mp4,0.43317216634750366
fwsypadiom.mp4,0.15496428310871124
fwtcoqcqpa.mp4,0.9277424216270447
fwtdhczlcq.mp4,0.9379944205284119
fwuaplnkla.mp4,0.8028481006622314
fwvaatwezp.mp4,0.8154597282409668
fwvvlvrenb.mp4,0.932327389717102
fwvxtssltw.mp4,0.8883985877037048
fwwitihjch.mp4,0.08622721582651138
fwwtsybelu.mp4,0.9617282748222351
fwxmpjnyhc.mp4,0.7839134931564331
fxaqkyjxcz.mp4,0.8432024717330933
fxaybijwnv.mp4,0.8603422045707703
fxazwvarlr.mp4,0.9128731489181519
fxbetgsvaa.mp4,0.9520074725151062
fxbfnwdaqs.mp4,0.8880814909934998
fxbrhdqhki.mp4,0.8434892892837524
fxbtivvrpv.mp4,0.9201171398162842
fxchyvdxfo.mp4,0.9864924550056458
fxcwjpvilf.mp4,0.9522692561149597
fxdfodrjte.mp4,0.35911789536476135
fxdkiqsvtt.mp4,0.8715238571166992
fxeqexfnbm.mp4,0.04532439634203911
fxerdccmev.mp4,0.7044907212257385
fxesowzguc.mp4,0.9344258308410645
fxesqgpvhq.mp4,0.8431817889213562
fxevwqstoi.mp4,0.9194273948669434
fxezehmdkw.mp4,0.7154173851013184
fxezpuoxxf.mp4,0.9112460613250732
fxfahurhlr.mp4,0.9175728559494019
fxfxtrrkeq.mp4,0.27191489934921265
fxfzhprfja.mp4,0.930921196937561
fxgpfayrlw.mp4,0.800804078578949
fxgpgffbkt.mp4,0.9707789421081543
fxgxlvpqrj.mp4,0.5219318866729736
fxhqouysjy.mp4,0.8138055205345154
fxhszqhneq.mp4,0.9436313509941101
fxhvawzjfn.mp4,0.9113332629203796
fxiagzltmj.mp4,0.9852632880210876
fxicjknipj.mp4,0.34146714210510254
fxigvqxmay.mp4,0.7025615572929382
fxirbbepzn.mp4,0.9670418500900269
fxjnmtqool.mp4,0.8833914399147034
fxjxsksnqh.mp4,0.9680169820785522
fxkfgakclm.mp4,0.8415378332138062
fxlebirsll.mp4,0.8154273629188538
fxlenxiszk.mp4,0.05579885467886925
fxlfeiluwf.mp4,0.9674872159957886
fxlgoimahx.mp4,0.9071037173271179
fxlljvuomj.mp4,0.22354502975940704
fxmbclilqj.mp4,0.9426438808441162
fxmermngmn.mp4,0.0685483068227768
fxmyfnkjtl.mp4,0.9277043342590332
fxneiguopi.mp4,0.4501642882823944
fxnlsfrytb.mp4,0.06686583161354065
fxocxqcnay.mp4,0.8790719509124756
fxqbaxxocf.mp4,0.046528369188308716
fxqovlruio.mp4,0.9090465903282166
fxrbqdvfgc.mp4,0.6395533084869385
fxseedosdt.mp4,0.9329116940498352
fxskypezvv.mp4,0.9478437900543213
fxsscbdili.mp4,0.07068299502134323
fxsuzurfry.mp4,0.2220909744501114
fxszvpqldu.mp4,0.96308833360672
fxtcsxnupb.mp4,0.9498900175094604
fxuokdxumd.mp4,0.365569531917572
fxvszitcnp.mp4,0.8779321312904358
fxwptihnhr.mp4,0.8491078019142151
fxwvalgqaw.mp4,0.9751759767532349
fxxijdnbuy.mp4,0.9331582188606262
fxxpxoqoxp.mp4,0.14837674796581268
fxxtgbehdx.mp4,0.8732798099517822
fxyocnnutg.mp4,0.7989450693130493
fxytzqjljc.mp4,0.06229006499052048
fxyywidtrd.mp4,0.9102004766464233
fxzabbjwbm.mp4,0.9761946797370911
fxzfhxreys.mp4,0.9494839310646057
fxzkbpwkto.mp4,0.9262387752532959
fxznkkueak.mp4,0.9578896164894104
fxztfonplr.mp4,0.9285277128219604
fyadnomkax.mp4,0.91297447681427
fybfybjntb.mp4,0.6585240960121155
fybiztpnrc.mp4,0.13034431636333466
fycswstcos.mp4,0.6595190167427063
fycyqnecsw.mp4,0.9264890551567078
fydopdphla.mp4,0.9009791612625122
fyekwzbgyp.mp4,0.13363830745220184
fyetbdryma.mp4,0.8958719372749329
fyfbfwxpro.mp4,0.9064129590988159
fyfbkaruio.mp4,0.7227129340171814
fygavznouh.mp4,0.9164173603057861
fyhelwzkbd.mp4,0.20761647820472717
fyhpcyepmd.mp4,0.08491445332765579
fyiitssavx.mp4,0.07134104520082474
fyimoltnjm.mp4,0.0942976176738739
fyiokitoih.mp4,0.9348850846290588
fyjgbylvlv.mp4,0.357220858335495
fyjsagezto.mp4,0.8608257174491882
fylqtteoxp.mp4,0.08299082517623901
fymclhzqir.mp4,0.05400006100535393
fymrkaulvl.mp4,0.9079815745353699
fynmkresaj.mp4,0.9798885583877563
fynuifvdva.mp4,0.9000034332275391
fyokgvhoft.mp4,0.8753365874290466
fyphnavgxw.mp4,0.8959609270095825
fypnwsajkt.mp4,0.6754899621009827
fyptlmfnog.mp4,0.9703788757324219
fyptulmddg.mp4,0.9637948870658875
fypxeollqw.mp4,0.6585258841514587
fyqfiffdpt.mp4,0.9618096351623535
fyqgmobizs.mp4,0.407796710729599
fyqrrroisp.mp4,0.873818576335907
fyqulfkhkg.mp4,0.5477330684661865
fyrfjqzzpp.mp4,0.942416250705719
fysehbyyjp.mp4,0.9422979354858398
fysmewdbqv.mp4,0.9136750102043152
fyszkugfxk.mp4,0.9254523515701294
fyvesqrbuq.mp4,0.7815951704978943
fyvhatbjgc.mp4,0.2202831506729126
fywawinkrw.mp4,0.9337807297706604
fywtonlvda.mp4,0.9341660737991333
fywvtiicud.mp4,0.8895158171653748
fyxkkfdlyu.mp4,0.921862006187439
fyxtkgmbup.mp4,0.3545156717300415
fyygtwpvcc.mp4,0.18381626904010773
fyyybigduf.mp4,0.7760178446769714
fyzowxqnol.mp4,0.9394609332084656
fzagsvjfne.mp4,0.7877088189125061
fzamdqeljh.mp4,0.6528754830360413
fzbymmdkac.mp4,0.8749599456787109
fzbzmxlnue.mp4,0.05590682104229927
fzcfiyagld.mp4,0.9735903739929199
fzczxqogem.mp4,0.9607897996902466
fzdftpedtk.mp4,0.8757684826850891
fzdkapejcq.mp4,0.9303342700004578
fzeigeqheu.mp4,0.9367398619651794
fzeitxrsnl.mp4,0.9628221988677979
fzfhqfxnqb.mp4,0.9572265148162842
fzfxglsjxr.mp4,0.9189937710762024
fzgjuskzae.mp4,0.8918101191520691
fzgzvjzthk.mp4,0.4566115736961365
fzhapkipgk.mp4,0.8881886601448059
fzhqmhtpug.mp4,0.9290794134140015
fzhwasxjoo.mp4,0.9523661136627197
fzimbqtqss.mp4,0.8791835904121399
fzjagortdj.mp4,0.9158771634101868
fzjbinsrhx.mp4,0.8901927471160889
fzkbcgpzis.mp4,0.859754741191864
fzkjhuifsb.mp4,0.4026981294155121
fzliozbuku.mp4,0.8495773077011108
fzmmpujffb.mp4,0.8368208408355713
fzmwaqgrgm.mp4,0.955388605594635
fzojvrpzhr.mp4,0.9068084359169006
fzpafgyzvf.mp4,0.8668360114097595
fzpjvskqwu.mp4,0.9441675543785095
fztqkuewsf.mp4,0.9116005897521973
fztuhkkqnq.mp4,0.9406523704528809
fzufuzbgra.mp4,0.3170429468154907
fzurflflwv.mp4,0.8822755217552185
fzuthmtxud.mp4,0.7532780170440674
fzuxokfzaj.mp4,0.9022843837738037
fzvhplfjna.mp4,0.9151396155357361
fzvtipksxg.mp4,0.9430725574493408
fzvxmpoikx.mp4,0.3792973756790161
fzwnnccurn.mp4,0.8329021334648132
fzxbfzymhw.mp4,0.9858760833740234
fzxbvrjjhr.mp4,0.4090256989002228
fzxnownxcz.mp4,0.986965000629425
fzxpnjqmvk.mp4,0.136885404586792
fzxqojwfse.mp4,0.8923653960227966
fzxsggojyo.mp4,0.835875391960144
gaadspfsbw.mp4,0.7523056864738464
gaadxzmtfe.mp4,0.5768746137619019
gaawsfwapc.mp4,0.9496240019798279
gabievjorc.mp4,0.9250547885894775
gabobgiccn.mp4,0.37349700927734375
gacaonleme.mp4,0.960604190826416
gadmusygle.mp4,0.8042569756507874
gaexxsybom.mp4,0.08371897041797638
gafagqaasp.mp4,0.9694226384162903
gafyfetmls.mp4,0.6744239926338196
gagvvmypob.mp4,0.7537887096405029
gahmjgyizr.mp4,0.8715805411338806
gahnzfllyk.mp4,0.6398341655731201
gahsvrgskg.mp4,0.9757465124130249
gaidetzmvz.mp4,0.044310376048088074
gaiirjtvdb.mp4,0.08706211298704147
gaikqtxfjh.mp4,0.7601738572120667
gaitsfuizp.mp4,0.7914367914199829
gajagctzzq.mp4,0.45804059505462646
gajfhbiakn.mp4,0.20712506771087646
gajwkuimrh.mp4,0.6800389289855957
gajzmjfzmn.mp4,0.9880344867706299
gakehrooju.mp4,0.6824052929878235
gaklwqvekk.mp4,0.9293341636657715
ganccjaxxy.mp4,0.9657248258590698
gankhhhvla.mp4,0.34834468364715576
ganotnsspf.mp4,0.9107438921928406
ganwpujrlq.mp4,0.6692189574241638
gaoddyxyfx.mp4,0.8691191673278809
gaoryxnpuq.mp4,0.8872825503349304
gapdcwkfge.mp4,0.38300225138664246
gapqcxdinz.mp4,0.9429892897605896
gaptsqkaks.mp4,0.07889337092638016
gapvetxxhl.mp4,0.11414765566587448
garunulzzv.mp4,0.9163994193077087
garygrmuie.mp4,0.8974556922912598
garyozboal.mp4,0.9476683139801025
gasanqzioj.mp4,0.8716328144073486
gaspumvtcs.mp4,0.9450302124023438
gatgerfsjl.mp4,0.9427784085273743
gattgtrwfa.mp4,0.21777550876140594
gattkmwqkz.mp4,0.9787209033966064
gatubxqouv.mp4,0.7583596706390381
gatywbscxn.mp4,0.8756742477416992
gaulesojbm.mp4,0.8836754560470581
gauuoevrnw.mp4,0.5242902636528015
gavqnsbism.mp4,0.9144987463951111
gavqzzofqv.mp4,0.9077355265617371
gawvprhoth.mp4,0.7813259363174438
gawxncjdra.mp4,0.8767338395118713
gaxroakdxd.mp4,0.5317521691322327
gaxvuetshr.mp4,0.8339843153953552
gaypzhbkhd.mp4,0.9450141787528992
gayypjkwsg.mp4,0.6292190551757812
gazevuoahc.mp4,0.6051145195960999
gazirwytip.mp4,0.8712608218193054
gazjczvgew.mp4,0.9593400359153748
gazockikpd.mp4,0.8726827502250671
gbacnojrmk.mp4,0.919693648815155
gbambjdbwq.mp4,0.9245272874832153
gbasowlzzy.mp4,0.9769532680511475
gbawgsnlgk.mp4,0.7819679975509644
gbawhsplpi.mp4,0.8320475816726685
gbbevfnfiq.mp4,0.8293129205703735
gbbhyicorv.mp4,0.06344649195671082
gbdazgniqc.mp4,0.978083074092865
gbeqpnpwbm.mp4,0.0718490481376648
gbfgwfrntb.mp4,0.9038382172584534
gbflagqcrg.mp4,0.041681963950395584
gbhrjiprks.mp4,0.9641481041908264
gbhruilniq.mp4,0.5252138376235962
gbidpzftta.mp4,0.23646895587444305
gbinyqapyk.mp4,0.8367887735366821
gbjxesicxu.mp4,0.9642450213432312
gbjzelewgn.mp4,0.9543802738189697
gbkfqgwafb.mp4,0.3444887697696686
gblclehusp.mp4,0.5785313844680786
gblgydddmq.mp4,0.9440069794654846
gblhevskhn.mp4,0.09690981358289719
gbmkwegeuj.mp4,0.04699799418449402
gbmlaazukv.mp4,0.9779509902000427
gbnqiddbus.mp4,0.07088970392942429
gbnyqnnctw.mp4,0.7366307973861694
gboffnixjn.mp4,0.9807384014129639
gboqgdhkap.mp4,0.9653881788253784
gborudkxrf.mp4,0.13421954214572906
gbpymmkcbw.mp4,0.5851521492004395
gbqgarpyeh.mp4,0.9433414340019226
gbqtbmsmuy.mp4,0.9335850477218628
gbtbgbqvuk.mp4,0.9795367121696472
gbtmpohxoz.mp4,0.8843425512313843
gbudtlkooq.mp4,0.9818689227104187
gbujnafhit.mp4,0.8764728903770447
gbuktdlcfz.mp4,0.69483482837677
gbvllwqbjl.mp4,0.12735848128795624
gbwhyroefx.mp4,0.6565563678741455
gbwnfkaypl.mp4,0.5246678590774536
gbwxmandwi.mp4,0.9560461640357971
gbxrzwsjjb.mp4,0.9242721199989319
gbycljawnz.mp4,0.9383167028427124
gbycqpxnhp.mp4,0.8798436522483826
gbyecrdgsf.mp4,0.04147149622440338
gbzaitshmc.mp4,0.9380524754524231
gcbyurxhbz.mp4,0.9148285388946533
gccadfefkb.mp4,0.04534870758652687
gccddsbvpg.mp4,0.6128437519073486
gcckmhlhfr.mp4,0.9680651426315308
gccwdwkdmb.mp4,0.9371078610420227
gcddjditsb.mp4,0.936262845993042
gcehhgvgft.mp4,0.6929366588592529
gcerrazrsi.mp4,0.6175619959831238
gcfoeinqbo.mp4,0.07668182253837585
gcgvhckocl.mp4,0.13682125508785248
gchzfflazb.mp4,0.969763994216919
gcibwutsiq.mp4,0.9324533939361572
gcivsrnfir.mp4,0.9356927871704102
gciwcltclm.mp4,0.12035967409610748
gcjdhznbsc.mp4,0.08927162736654282
gcjjhkhwgr.mp4,0.8923309445381165
gcjmubsxtr.mp4,0.7213220000267029
gckearzogi.mp4,0.9093035459518433
gckregynpo.mp4,0.1871664822101593
gckufzoobd.mp4,0.09570308029651642
gcldoijzio.mp4,0.9784122109413147
gcmdyoifok.mp4,0.7028975486755371
gcmetbviyj.mp4,0.8666517734527588
gcmhtnytnz.mp4,0.8803975582122803
gcmrvtseyk.mp4,0.06274175643920898
gcoacfcupw.mp4,0.9258148074150085
gcohsfodxw.mp4,0.07428589463233948
gcojtjjglp.mp4,0.8814415335655212
gcoowkrfnv.mp4,0.7092813849449158
gcossjikmb.mp4,0.9309984445571899
gcovtngxla.mp4,0.2521779239177704
gcpumdtqbw.mp4,0.9343405961990356
gcpwisspwy.mp4,0.5028910040855408
gcqgmqbcgn.mp4,0.8959305882453918
gcrsaesnjg.mp4,0.9120554327964783
gcsmgypxlb.mp4,0.07533279806375504
gcszcifzgc.mp4,0.9753803610801697
gcszqqslwn.mp4,0.7273789048194885
gcthdpvkqi.mp4,0.94060879945755
gctxzlzcjz.mp4,0.8897612690925598
gctyynjruz.mp4,0.06914644688367844
gcunfgbmwp.mp4,0.9675506949424744
gcuowvdvhc.mp4,0.6191701889038086
gcvahzjlbf.mp4,0.9090761542320251
gcvgotmwer.mp4,0.9065111875534058
gcwcvduria.mp4,0.8596610426902771
gcwfgohdet.mp4,0.9608275294303894
gcwgwrssmo.mp4,0.14500214159488678
gcxexbsvot.mp4,0.0760437548160553
gcxwdkhxxs.mp4,0.9164192080497742
gcxwqrqudn.mp4,0.534525454044342
gcyekbytms.mp4,0.05354065075516701
gcymjilcah.mp4,0.13933640718460083
gczepcsdfi.mp4,0.0775211974978447
gcznisyuby.mp4,0.8476932048797607
gczrefownz.mp4,0.9326106905937195
gdbcuttvqa.mp4,0.1292918622493744
gdbsyzybzq.mp4,0.9371199011802673
gddlmdiirt.mp4,0.9135722517967224
gddtghkyjl.mp4,0.8354682922363281
gdelvmkpkp.mp4,0.5348231792449951
gdeymeoxcz.mp4,0.9699642658233643
gdffzrpnib.mp4,0.971514880657196
gdfwwoeyke.mp4,0.3544803857803345
gdgokuraof.mp4,0.9810541272163391
gdhfelehbr.mp4,0.7570201754570007
gdhkrmssve.mp4,0.5336534380912781
gdjkdcytlo.mp4,0.8033114075660706
gdjpaoqewn.mp4,0.9792478084564209
gdkbcjwshu.mp4,0.9052879214286804
gdkgoiufno.mp4,0.9683985114097595
gdkxxsjhhw.mp4,0.9385313987731934
gdlgasdpzp.mp4,0.9086927771568298
gdlowgeiee.mp4,0.09084229171276093
gdltygmodd.mp4,0.876227855682373
gdmaakgxfx.mp4,0.982032299041748
gdmhwwkmbe.mp4,0.9648624658584595
gdmwdicgxq.mp4,0.07217695564031601
gdnbcgtfay.mp4,0.9132338762283325
gdnnieahty.mp4,0.7042914628982544
gdohinwlun.mp4,0.9824477434158325
gdolzaiiih.mp4,0.2657623589038849
gdphxrxfpi.mp4,0.8909538388252258
gdqvoevdtr.mp4,0.15852466225624084
gdrlutsiai.mp4,0.6822705268859863
gdrvklhatm.mp4,0.8644180297851562
gdskjdylwz.mp4,0.5702543258666992
gdspfwhoxr.mp4,0.757125198841095
gdtkovtsci.mp4,0.879080593585968
gduevksmhk.mp4,0.5311050415039062
gdvjbmownz.mp4,0.8290452361106873
gdvnljutuu.mp4,0.8351079821586609
gdwbzayezx.mp4,0.757301926612854
gdwrferueh.mp4,0.9082311391830444
gdwsgktixc.mp4,0.9381211996078491
gdxdurvkza.mp4,0.8201014399528503
gdxiahzyjr.mp4,0.8587432503700256
gdxmaogsip.mp4,0.9491815567016602
gdxtazndzk.mp4,0.8729734420776367
gdxtmbpkkh.mp4,0.9117375016212463
gdxxsnwnex.mp4,0.9569990634918213
gdxyudtqdl.mp4,0.4131702184677124
gdybiahjog.mp4,0.9535772800445557
gdygdvuyum.mp4,0.8910918235778809
gdygzrpynl.mp4,0.1023574247956276
gdyijzprfv.mp4,0.7167165279388428
gdylvqgbdb.mp4,0.9370213150978088
gdyzyumwxi.mp4,0.33157485723495483
gdzrlvdfsw.mp4,0.49543529748916626
gdzsgsqbwi.mp4,0.8245084285736084
gdzuruahmi.mp4,0.9232254028320312
geaaanfxvt.mp4,0.9300969243049622
geaatldliq.mp4,0.6743242740631104
geacphwnra.mp4,0.9418070912361145
geaoqcfkxr.mp4,0.05337659642100334
geatjsiejy.mp4,0.45484042167663574
gebpnpejld.mp4,0.07092148065567017
gebskbzmyz.mp4,0.9258460402488708
gecdkhexge.mp4,0.05815278738737106
gechrjyeee.mp4,0.8725861310958862
geclsfdhgz.mp4,0.6314018964767456
gecntpiksy.mp4,0.9582229852676392
gedoblgvpy.mp4,0.9900000095367432
gefeqgozld.mp4,0.916877269744873
gefpmzknts.mp4,0.9608174562454224
gegbvljuyx.mp4,0.5263306498527527
geiqigidrb.mp4,0.876471757888794
gejavamxdm.mp4,0.7291789650917053
gejkozphwo.mp4,0.9295771718025208
gejlmadrzd.mp4,0.9215803146362305
gekfaqwxix.mp4,0.14984267950057983
gekhmedtbr.mp4,0.8702616691589355
gekorsskqq.mp4,0.8173090815544128
gelayxdawo.mp4,0.9164736270904541
geloovcowz.mp4,0.9596502780914307
gemwaiueno.mp4,0.8982942700386047
genrhxayoj.mp4,0.8009465932846069
gensnfjyhm.mp4,0.9111401438713074
geoecvcbqf.mp4,0.839528501033783
geohwppdhj.mp4,0.9285256266593933
gepjrpyfpa.mp4,0.9808977842330933
geqvxrljyg.mp4,0.8897315859794617
geqwbnmtbm.mp4,0.9073964357376099
gerhnzbiag.mp4,0.880679726600647
gernycxeyx.mp4,0.6816153526306152
gesomtbrxl.mp4,0.11448616534471512
geszhvgoch.mp4,0.953105628490448
geturetbpy.mp4,0.04570041224360466
geuajeozuv.mp4,0.07173164188861847
geuhmpknvu.mp4,0.9231469631195068
geujbzxsdd.mp4,0.9056800603866577
geulcwvfuy.mp4,0.6996292471885681
gevjcllmjf.mp4,0.9254481792449951
gevjymsmpn.mp4,0.9217906594276428
gevnnuekkx.mp4,0.7032456398010254
gevppryqwp.mp4,0.9604601860046387
gevqmdrmbs.mp4,0.9007171392440796
gewgfntbmn.mp4,0.2149338275194168
gewldlfuuq.mp4,0.7975046038627625
gewosinxix.mp4,0.8914802074432373
gexkmvzsqi.mp4,0.09954934567213058
geyfnxroex.mp4,0.8904409408569336
gezgtvfajs.mp4,0.8197582960128784
gfaaqjndbr.mp4,0.8315476179122925
gfahvpuqzm.mp4,0.9380698204040527
gfaqxtsezr.mp4,0.9469394683837891
gfasbtjond.mp4,0.9666308760643005
gfdenskfme.mp4,0.4068499505519867
gfdosoqxif.mp4,0.9176749587059021
gfdwncgbcm.mp4,0.22238053381443024
gfdyoyjuxy.mp4,0.8544819951057434
gfecefiqwl.mp4,0.9112619161605835
gfehstjqdf.mp4,0.09085257351398468
gffszagmvi.mp4,0.9399293065071106
gfhkekkrqo.mp4,0.9251170754432678
gfhrlnlmja.mp4,0.9499871730804443
gfikyugpkq.mp4,0.10873368382453918
gfjtkzoama.mp4,0.6836914420127869
gfkbdgzcwp.mp4,0.879102885723114
gfksrieyhs.mp4,0.8999419808387756
gflhlvhqyl.mp4,0.13763925433158875
gfloefwszv.mp4,0.8771310448646545
gflpvwmxnp.mp4,0.9593223929405212
gfluyuhrwh.mp4,0.738054096698761
gfmeutlfzy.mp4,0.9339457154273987
gfmqlukrho.mp4,0.8756024241447449
gfmtfdcecc.mp4,0.8176133632659912
gfnluvggfr.mp4,0.7127686738967896
gfnogmttzx.mp4,0.3695310950279236
gfnolbzyzb.mp4,0.8712126016616821
gfnxzjcmsi.mp4,0.8830661177635193
gfnyxvxkjn.mp4,0.8702969551086426
gfpjefyext.mp4,0.04450815171003342
gfpnrxnpfl.mp4,0.9540473222732544
gfpqtrphql.mp4,0.1581471711397171
gfqtcgrchy.mp4,0.9532174468040466
gfrpokslat.mp4,0.9579367637634277
gfrqcbyfzu.mp4,0.07072824239730835
gfruxwvrun.mp4,0.8740131258964539
gfryibbugx.mp4,0.16682764887809753
gfsfubmefw.mp4,0.9630746245384216
gfsqwdiuca.mp4,0.9829719662666321
gfsxrnrsmh.mp4,0.876218318939209
gftjxemklb.mp4,0.08181348443031311
gftnimdbet.mp4,0.4563714265823364
gfvfxjsbzk.mp4,0.9316021203994751
gfvntlfocz.mp4,0.9683635830879211
gfvscfsgcz.mp4,0.633773684501648
gfvubnkpwg.mp4,0.698611319065094
gfvvtsfyqw.mp4,0.6203814744949341
gfvwixsfok.mp4,0.9664849042892456
gfwgmmwylo.mp4,0.4482177495956421
gfwkutmilw.mp4,0.8092318177223206
gfwkvaxemc.mp4,0.7920134663581848
gfwuebiijb.mp4,0.9589659571647644
gfxfgqgeda.mp4,0.8702275156974792
gfxgutbdbg.mp4,0.8989133834838867
gfxkhsgbwm.mp4,0.06242796778678894
gfxnuidfgl.mp4,0.127338245511055
gfxugcttnb.mp4,0.9454635977745056
gfxvabsczy.mp4,0.9317086935043335
gfxylnastd.mp4,0.6951404213905334
gfybtjkgux.mp4,0.7720716595649719
gfylkbyaub.mp4,0.7136548161506653
gfzhgkonqc.mp4,0.9678650498390198
gfztiqsgak.mp4,0.9422447681427002
ggaqhnyqeh.mp4,0.9392338395118713
ggauoquwzr.mp4,0.90692538022995
ggbxcxlmpa.mp4,0.04665607213973999
ggczqvwflj.mp4,0.9831352233886719
ggdlojhunz.mp4,0.04615190997719765
ggeznaevle.mp4,0.27226558327674866
ggfffumvgm.mp4,0.6990337371826172
ggfjeqqkve.mp4,0.9873441457748413
ggfumkidhc.mp4,0.8488306403160095
gggefkrjgw.mp4,0.07325541973114014
gggprdifcs.mp4,0.9620420336723328
ggikzpyiuh.mp4,0.9242686033248901
ggipmoifjz.mp4,0.05000276863574982
ggiqapvqqb.mp4,0.9592311978340149
ggirmwcnvt.mp4,0.9079850316047668
ggixlxkzqj.mp4,0.5
ggjoiareel.mp4,0.9237246513366699
ggjotynsyj.mp4,0.9643051624298096
ggkanvgvud.mp4,0.9731850624084473
ggknbwmbci.mp4,0.9274957180023193
ggkqxiafij.mp4,0.4311371147632599
gglgculrjf.mp4,0.9811064600944519
gglmogiyph.mp4,0.9369702339172363
gglpvgilzq.mp4,0.9618117213249207
ggmcepsdne.mp4,0.9411647915840149
ggnirqyiwl.mp4,0.9465622901916504
ggnpdozstl.mp4,0.7586612701416016
ggodqsjxiy.mp4,0.963320255279541
ggpfchdgjx.mp4,0.549477756023407
ggprhtkjyo.mp4,0.8605789542198181
ggpuxwhpri.mp4,0.10573066771030426
ggrcbforax.mp4,0.7827538847923279
ggrxjcllnh.mp4,0.19974690675735474
ggryyavspl.mp4,0.08405997604131699
ggsffylodm.mp4,0.12616398930549622
ggszlsmtzr.mp4,0.9459035396575928
ggtkryypyq.mp4,0.6490862965583801
ggtskzavxn.mp4,0.7925094366073608
ggtwbjkxic.mp4,0.056044988334178925
ggueyqbwdc.mp4,0.8565982580184937
gguhazxafh.mp4,0.7946634888648987
ggwmjfhixc.mp4,0.9028171300888062
ggwxcsfecd.mp4,0.770104706287384
ggxeqmluxk.mp4,0.9849188327789307
ggxnoktlbx.mp4,0.896802544593811
ggxrftsibq.mp4,0.923600971698761
ggxtqzicfv.mp4,0.904159426689148
ggyaqmukyz.mp4,0.7379836440086365
ggyywqwgfa.mp4,0.6872954368591309
ggzdsgkynq.mp4,0.7382641434669495
ggzkujqned.mp4,0.9168896079063416
ghaaghrpfp.mp4,0.6974148750305176
ghacquqxvk.mp4,0.8875369429588318
ghaztjdokh.mp4,0.9799424409866333
ghbdaznixj.mp4,0.924471914768219
ghbqrfvxyy.mp4,0.84895920753479
ghbuegqmde.mp4,0.8947019577026367
ghccalazpw.mp4,0.9000264406204224
ghcekqgunn.mp4,0.8886904716491699
ghcudkoxwm.mp4,0.9153409600257874
ghdiqahfhm.mp4,0.9539952874183655
ghducagiqq.mp4,0.1085192859172821
ghdzkyckfg.mp4,0.7133899331092834
ghejgqfcqo.mp4,0.9047994017601013
ghemhaebio.mp4,0.15855668485164642
gheozjcomi.mp4,0.0738079771399498
gheuivvcfb.mp4,0.9630595445632935
ghevcqpcur.mp4,0.05074421688914299
ghfplztvht.mp4,0.8833087086677551
ghfsyhxlpe.mp4,0.21718068420886993
ghgdaoqfpk.mp4,0.817376434803009
ghhgukmjbw.mp4,0.23109009861946106
ghhqnjnzjr.mp4,0.6529096364974976
ghhusaytrg.mp4,0.9599064588546753
ghjgyogfmw.mp4,0.9526836276054382
ghkjkvbqpx.mp4,0.912092924118042
ghmansehag.mp4,0.8774157166481018
ghmdirbfiz.mp4,0.9099940657615662
ghnkqqegld.mp4,0.9392538070678711
ghocibrroi.mp4,0.10516630858182907
ghofdqlnjz.mp4,0.06293339282274246
ghpzlzqjdt.mp4,0.9547062516212463
ghqcuwnvwu.mp4,0.7546873688697815
ghqepbcmgb.mp4,0.9114335179328918
ghquawtnge.mp4,0.9599262475967407
ghsfbvgpeu.mp4,0.9544051885604858
ghtidwbjzm.mp4,0.13467282056808472
ghtngvjjyb.mp4,0.6974295377731323
ghtzjwvato.mp4,0.9190592169761658
ghufymcgox.mp4,0.7789444923400879
ghurwsplvw.mp4,0.08851383626461029
ghvemfqfjw.mp4,0.9363353252410889
ghvoszafzz.mp4,0.8299943208694458
ghvrhygweg.mp4,0.9343031644821167
ghwdlytvcp.mp4,0.030321087688207626
ghwfbvheob.mp4,0.24973908066749573
ghwlogkoic.mp4,0.9057604074478149
ghxkoghced.mp4,0.9134325385093689
ghxtavbzwn.mp4,0.8809999823570251
ghxzsygiou.mp4,0.9697902798652649
ghydpthmab.mp4,0.8986362218856812
ghyqfwpdsy.mp4,0.129627525806427
ghysqipxsg.mp4,0.1837310642004013
ghyxplmidg.mp4,0.6095628142356873
ghzndbmaxd.mp4,0.8313696384429932
gicfnusnlu.mp4,0.8971138596534729
gicqpeyqxs.mp4,0.9833391904830933
gidecugryj.mp4,0.9164493083953857
gidgefyeda.mp4,0.9673922061920166
gidxwntcpc.mp4,0.8989237546920776
gieeufulqu.mp4,0.8985786437988281
gifhnfuehc.mp4,0.8766399025917053
gifuxzdctf.mp4,0.914055585861206
giglesjcgp.mp4,0.8366668224334717
gigpsuvprx.mp4,0.9735591411590576
gihchuwvgk.mp4,0.46429482102394104
gihkwuicag.mp4,0.28598350286483765
giifpbniet.mp4,0.07626660168170929
giiyrvgxow.mp4,0.9769837260246277
gijoffsifw.mp4,0.29019051790237427
gijpcntrct.mp4,0.7172363996505737
gijxbirvek.mp4,0.590015709400177
gikewntjco.mp4,0.8856311440467834
gikmxcttwc.mp4,0.0720682293176651
giktkmgmhk.mp4,0.8713161945343018
gikvndheth.mp4,0.9725936055183411
gikyszehvz.mp4,0.32225921750068665
gilrccufxa.mp4,0.8402150273323059
giltcfzgll.mp4,0.611363410949707
gimvvkhqyi.mp4,0.7438296675682068
gimzgukfzj.mp4,0.9492429494857788
gingvkhmlk.mp4,0.9092888236045837
giodglqpmb.mp4,0.8700675368309021
giolodnzfy.mp4,0.7681251168251038
giolphechf.mp4,0.6324406266212463
giookzwddi.mp4,0.8984593749046326
gipcvghjiy.mp4,0.7401576638221741
giqiwbgyta.mp4,0.8955279588699341
giqpgpcnaz.mp4,0.8365129828453064
girdwtjwsr.mp4,0.3324182629585266
girejtgmau.mp4,0.8317297101020813
gisdkkmmzv.mp4,0.9660157561302185
gistqrdixw.mp4,0.061644259840250015
gisyqwestz.mp4,0.09759189933538437
gitefceugq.mp4,0.9180233478546143
githmjsfmx.mp4,0.8045152425765991
gitiljsfye.mp4,0.9503996968269348
gitkrmxuyy.mp4,0.3446134626865387
gitzqrhmqk.mp4,0.7817615270614624
giunujatma.mp4,0.854404628276825
giuymhlbyo.mp4,0.9076665639877319
givncjvgwa.mp4,0.960612952709198
giwjazktru.mp4,0.8787896633148193
giwyisyggg.mp4,0.9111772179603577
gixdxjcfoo.mp4,0.9297334551811218
gixreeumkk.mp4,0.0775480791926384
giymbyjqgv.mp4,0.883457601070404
giyqwoixhf.mp4,0.8901780247688293
giyrmesary.mp4,0.8112321496009827
gizglcxnyj.mp4,0.9246161580085754
gizhkoazgo.mp4,0.9259780645370483
gjakvggxai.mp4,0.7679924964904785
gjanedngde.mp4,0.6212471127510071
gjarvidhvr.mp4,0.09088822454214096
gjawiqxpca.mp4,0.9034382104873657
gjcvhdeciv.mp4,0.8589116334915161
gjdkrqtaze.mp4,0.8519389629364014
gjdydmipbr.mp4,0.8736444115638733
gjewehvqaz.mp4,0.9140325784683228
gjgrdqbvgi.mp4,0.8985335230827332
gjjfnlhmid.mp4,0.9548259973526001
gjjhjqlxuz.mp4,0.9278897047042847
gjjkfoedrj.mp4,0.9230870604515076
gjkltyiztd.mp4,0.07379603385925293
gjkxiicoti.mp4,0.06137851998209953
gjlkjqjydy.mp4,0.9864274263381958
gjlmodbnve.mp4,0.8476145267486572
gjlybpbmjp.mp4,0.7798848152160645
gjnbeezbbl.mp4,0.9481044411659241
gjogakckau.mp4,0.9285563230514526
gjprzaslhz.mp4,0.7758001089096069
gjrddhgogi.mp4,0.9659038782119751
gjrhxmdgih.mp4,0.9173057079315186
gjrkpbhyvs.mp4,0.8440345525741577
gjrvzvuvty.mp4,0.8851310014724731
gjshfuzqtc.mp4,0.8961761593818665
gjspakhxem.mp4,0.8072336912155151
gjtjluifwf.mp4,0.9020378589630127
gjtlexrvrj.mp4,0.9423409700393677
gjtsqbtrvy.mp4,0.9661116003990173
gjvhyjlskk.mp4,0.4780047833919525
gjxbuydeyq.mp4,0.8863536715507507
gjxnrwjxwe.mp4,0.04317304864525795
gjxujhvkyc.mp4,0.06250899285078049
gjxznmarpw.mp4,0.5336909294128418
gjydlhcrtn.mp4,0.6228663921356201
gjygvvuiir.mp4,0.8505212068557739
gjykivrdye.mp4,0.9721887111663818
gjylqsqjiu.mp4,0.9345642924308777
gjyxjhuniu.mp4,0.9230841398239136
gjzdquoeml.mp4,0.8891134262084961
gkajumkvor.mp4,0.848905622959137
gkaocherbx.mp4,0.8504602313041687
gkbbngtnfk.mp4,0.8194763660430908
gkbiiuwvjd.mp4,0.738435685634613
gkcvudlqfs.mp4,0.9207875728607178
gkdfuoelbe.mp4,0.9584387540817261
gkeamhtzwn.mp4,0.949813723564148
gkeltqtvwx.mp4,0.8495693206787109
gkeubyechu.mp4,0.9269000887870789
gkfijcojhc.mp4,0.9156137704849243
gkfpevwyvc.mp4,0.9835060834884644
gkfqqdebfa.mp4,0.6164044737815857
gkgvdjcemx.mp4,0.8660252094268799
gkgyfndrxx.mp4,0.9503527879714966
gkhgmuqxxz.mp4,0.9461198449134827
gkhwrqguzw.mp4,0.3923441469669342
gkijftelpw.mp4,0.9264677166938782
gkijjgjxhl.mp4,0.8771755695343018
gkijkojxnc.mp4,0.9599642157554626
gkirrvqbxb.mp4,0.9582125544548035
gkitkfybav.mp4,0.9740027189254761
gkjunbvrdy.mp4,0.9098843336105347
gkknsyqbnz.mp4,0.8946728706359863
gklbyicmvd.mp4,0.9842520356178284
gklemgduvi.mp4,0.9542903900146484
gklxpixbpo.mp4,0.9071518182754517
gkmnozivru.mp4,0.9167278409004211
gknntwuwab.mp4,0.9046017527580261
gkoaqihhfd.mp4,0.5
gkofdnbgfp.mp4,0.972305178642273
gkohfnywjc.mp4,0.9507150053977966
gkozhhmcja.mp4,0.6867750287055969
gkppazyosa.mp4,0.9240779280662537
gkqbdncwxs.mp4,0.8703972101211548
gkqckeiibc.mp4,0.37002021074295044
gkqqhnfaub.mp4,0.9427838325500488
gkrcgkujsn.mp4,0.8241136074066162
gkrecyncze.mp4,0.895467221736908
gktdnuwcse.mp4,0.6710113286972046
gktgthkugb.mp4,0.1237039715051651
gkttkuzpsf.mp4,0.9658161401748657
gkvibqzryk.mp4,0.801301896572113
gkvzwenjyo.mp4,0.9607942700386047
gkxtsljexu.mp4,0.667937159538269
gkyturuqoo.mp4,0.2582440972328186
gkyyhkskrp.mp4,0.8684448003768921
gladktygyb.mp4,0.9218168258666992
glbriatpsy.mp4,0.7851023077964783
glbwohdqpw.mp4,0.9614428877830505
glcifkjjkd.mp4,0.8925279378890991
glczoxommv.mp4,0.9254778027534485
gldpafckwo.mp4,0.10540008544921875
gldzguwfao.mp4,0.7862204909324646
gldzqnyvsf.mp4,0.8835904598236084
gleijkfzhr.mp4,0.8521530628204346
glelsrgfhc.mp4,0.6357973217964172
glelzwgywx.mp4,0.7874759435653687
gleoswxbhs.mp4,0.15463219583034515
gletajtyci.mp4,0.8620299100875854
glfwraejch.mp4,0.600220263004303
glfxhduvfw.mp4,0.5936979651451111
glgabqzauy.mp4,0.5212199687957764
glghscbqzn.mp4,0.7698063850402832
glgtvkvauu.mp4,0.25387129187583923
glhyxtaeeb.mp4,0.7478983402252197
glitjxdsfr.mp4,0.05324024707078934
gljinzhrsf.mp4,0.29560360312461853
gljombycln.mp4,0.6070724129676819
gljqwinsfi.mp4,0.7866352796554565
glkbrtaulh.mp4,0.94921875
glkdsbtlgk.mp4,0.8906646966934204
glklbmhyzf.mp4,0.5404691100120544
glktymezzc.mp4,0.3566533029079437
gllddnvpzj.mp4,0.9098272323608398
gllmnlshoz.mp4,0.9530465006828308
glqkwwcqcc.mp4,0.6960453391075134
glqxarhiyy.mp4,0.6179583668708801
glsgrjerme.mp4,0.6640695929527283
glshmsgdyw.mp4,0.10484201461076736
glsmblqnoq.mp4,0.21078833937644958
glsvewykpx.mp4,0.8956623077392578
gltpndcohp.mp4,0.2382582426071167
gltqqbpzvw.mp4,0.7954866886138916
gltqydksgm.mp4,0.961878776550293
glttzneqaz.mp4,0.861148476600647
gluehynqep.mp4,0.13395456969738007
glvdukqcbn.mp4,0.3307412564754486
glviwluzaj.mp4,0.951117217540741
glvkhhypqd.mp4,0.8418901562690735
glvoqorkrv.mp4,0.9403550624847412
glwdynujsy.mp4,0.8930597901344299
glwjrjujgy.mp4,0.8219634890556335
glwqttmmwj.mp4,0.5083981156349182
glxfafqbcf.mp4,0.06272555142641068
glxfpjrhgp.mp4,0.5
glxxogdths.mp4,0.27863115072250366
glybskgdcu.mp4,0.13002045452594757
glzgcpyqwy.mp4,0.8643320798873901
glzvljduyb.mp4,0.8029484748840332
glzyifzrql.mp4,0.9353066682815552
gmailgyenl.mp4,0.9155126214027405
gmbckelbzp.mp4,0.06486524641513824
gmbecsekgn.mp4,0.9379234313964844
gmbquvqqug.mp4,0.8044875860214233
gmbrpbouck.mp4,0.275459885597229
gmcdkyfnni.mp4,0.8361572027206421
gmchknuzqb.mp4,0.884808361530304
gmcvyrferj.mp4,0.9432175159454346
gmdaxsmoou.mp4,0.968929648399353
gmdbtfctmt.mp4,0.9880387783050537
gmduiwbari.mp4,0.47942519187927246
gmeokgnnmc.mp4,0.8523779511451721
gmepmwcgwg.mp4,0.07679131627082825
gmfoegsoft.mp4,0.8701667785644531
gmfomzcsgg.mp4,0.8041630387306213
gmfowavzuz.mp4,0.04446398839354515
gmhosclfho.mp4,0.8220463991165161
gmhppivyji.mp4,0.14101506769657135
gmhrvpxpus.mp4,0.0451495535671711
gmhtuubbqm.mp4,0.7470748424530029
gmibtribcc.mp4,0.7604379057884216
gmjdbyqspe.mp4,0.08391030877828598
gmjkxvhymr.mp4,0.9406902194023132
gmlnotxixn.mp4,0.080621637403965
gmlqsrwrrj.mp4,0.9401701092720032
gmlsawyjgk.mp4,0.986964225769043
gmmhjyxtsv.mp4,0.9652754068374634
gmmzkdhnbd.mp4,0.19805936515331268
gmofyywabx.mp4,0.9576893448829651
gmormxdytr.mp4,0.9456343650817871
gmqlnajrdc.mp4,0.9726898074150085
gmquwgwvtc.mp4,0.9493559002876282
gmrjnaeerk.mp4,0.9551778435707092
gmrjrvdgos.mp4,0.40731915831565857
gmsukalbwi.mp4,0.9570324420928955
gmtvecxqrw.mp4,0.9170479774475098
gmtztejgry.mp4,0.9046951532363892
gmuagvvcen.mp4,0.87276691198349
gmutlcetxb.mp4,0.7955734729766846
gmvpkfnjfl.mp4,0.9864902496337891
gmvzcaublc.mp4,0.9160313606262207
gmwopipxqu.mp4,0.6434940695762634
gmxxdslvif.mp4,0.12732578814029694
gmyidmmfrj.mp4,0.9593365788459778
gmyvfdvwau.mp4,0.5198604464530945
gmzkpcetns.mp4,0.8731246590614319
gmzzfzvyvx.mp4,0.9366602897644043
gnabjjaova.mp4,0.07760950922966003
gnbjmbjicv.mp4,0.9144235849380493
gnbuzqstcf.mp4,0.9388270378112793
gndusfksku.mp4,0.9187830686569214
gndwznamgn.mp4,0.9715153574943542
gnedjegvun.mp4,0.6392722725868225
gneeoltznu.mp4,0.34322941303253174
gnehbqolrz.mp4,0.7570639848709106
gneufjmjne.mp4,0.6848666667938232
gngbromgln.mp4,0.7411631941795349
gnghsiaxkc.mp4,0.9371599555015564
gnhlropodn.mp4,0.863709032535553
gnhowvgdvg.mp4,0.9079839587211609
gnhptuzmfn.mp4,0.9640653133392334
gnjavhtgdp.mp4,0.9674312472343445
gnkorwgvuy.mp4,0.8697632551193237
gnlkthxfjf.mp4,0.11027121543884277
gnlxmgjjof.mp4,0.5
gnnmuhkxyy.mp4,0.11508683860301971
gnnuktzwwy.mp4,0.7739822268486023
gnnyscxrzi.mp4,0.9858474731445312
gnosbljutd.mp4,0.696810781955719
gnpzknyuih.mp4,0.7378553152084351
gnquanigrd.mp4,0.7064604759216309
gnqzqyjwrj.mp4,0.8691211342811584
gnrgjaxhtl.mp4,0.9310234189033508
gnrwdaogqh.mp4,0.24716943502426147
gnrwnpmurn.mp4,0.8146809339523315
gnryvymosi.mp4,0.8962224125862122
gnslcjmktc.mp4,0.8794391751289368
gnsmmehuhb.mp4,0.9741565585136414
gntviyxvhb.mp4,0.7726384997367859
gnulzsscvk.mp4,0.9339247345924377
gnvgrskdwd.mp4,0.8658369183540344
gnwqvktwib.mp4,0.9223425388336182
gnwstnficr.mp4,0.9312185645103455
gnycafppzz.mp4,0.47271156311035156
gnyecttszz.mp4,0.731656551361084
gnyobtyjls.mp4,0.9208145141601562
gnyqkorxmh.mp4,0.8406772017478943
gnytcpethj.mp4,0.922055184841156
gnytikpmnm.mp4,0.11739374697208405
gnzapjfnhr.mp4,0.8919166326522827
gnzxhnndci.mp4,0.9141280055046082
goaguxqpdo.mp4,0.3955397605895996
goardbrdyd.mp4,0.8971177339553833
gobvfbczxj.mp4,0.7023462653160095
goclebfgcj.mp4,0.8831177353858948
gocrdvihos.mp4,0.08232756704092026
gocuxhyybk.mp4,0.8953036665916443
godmopteom.mp4,0.8886920213699341
godpfnlizl.mp4,0.8862740993499756
godzfxciyw.mp4,0.9119014739990234
goekzadjqz.mp4,0.9473106265068054
goenfduqug.mp4,0.12457698583602905
goetaanbkq.mp4,0.8299896717071533
gofbphjonb.mp4,0.132215216755867
gofdngllac.mp4,0.9704139828681946
gofqhmrhtg.mp4,0.9881367683410645
gofybzkrli.mp4,0.7132704257965088
gogntctftc.mp4,0.9359561800956726
gogqihhrvj.mp4,0.8723716139793396
gohxysgjzw.mp4,0.9577236175537109
gohzxhoazl.mp4,0.9277144074440002
goicfjmmqd.mp4,0.9374514818191528
gojrmpwuns.mp4,0.655443549156189
gojtqqxkca.mp4,0.9506697058677673
goktxzixxx.mp4,0.8489988446235657
gokvbpxind.mp4,0.9828701019287109
golajpxixu.mp4,0.8681022524833679
goltqpoduh.mp4,0.7317659258842468
golysrbdyn.mp4,0.077582448720932
gomjwlutwd.mp4,0.8384913206100464
gommeywkvt.mp4,0.9160359501838684
gomqkftobw.mp4,0.7798215746879578
gomtogkuli.mp4,0.7990409731864929
goolpwftkw.mp4,0.4192301630973816
gopoxulzbz.mp4,0.11744003742933273
goqderzmlr.mp4,0.9461466073989868
goqdzibgdz.mp4,0.8975099325180054
goqhyebxyl.mp4,0.94455885887146
goqpmmcgdv.mp4,0.8771933317184448
goqwvuyzpy.mp4,0.8201010227203369
gosdbxyxfd.mp4,0.9183738231658936
gosjaaazhp.mp4,0.9079746007919312
goslgrsaer.mp4,0.05705628916621208
gotattltdg.mp4,0.5502833724021912
gotilrinkh.mp4,0.8864033222198486
gouxvhsmgr.mp4,0.5723288655281067
gouzvhlvki.mp4,0.7916789054870605
govjvzfbcj.mp4,0.9587095379829407
govoedqwdv.mp4,0.06507860869169235
govwgycgfx.mp4,0.05424690246582031
gowkpdogel.mp4,0.7058326601982117
goyentrszm.mp4,0.8865917921066284
goyqbxelji.mp4,0.9187772870063782
gozsesxenh.mp4,0.9193974137306213
gozymnihsb.mp4,0.9441781640052795
gpaqoqegbn.mp4,0.05442696064710617
gpbevocdvn.mp4,0.8714357614517212
gpbngfqtno.mp4,0.9491249322891235
gpbwpjgngy.mp4,0.9358577728271484
gpclcokcfx.mp4,0.7201167941093445
gpctpannwt.mp4,0.8694069385528564
gpdhmwfxnn.mp4,0.5440694689750671
gpegjnzdfz.mp4,0.5704177618026733
gpenoneeqf.mp4,0.14064627885818481
gpexqhcedq.mp4,0.9457727074623108
gpgbkevjrb.mp4,0.07771982997655869
gpgtncumzj.mp4,0.9877356886863708
gpgubeivem.mp4,0.24236175417900085
gphdyisiot.mp4,0.09523750841617584
gphegnhvqj.mp4,0.05981892719864845
gphrluouye.mp4,0.8970547318458557
gphwezuwrb.mp4,0.3795437216758728
gpieyudqze.mp4,0.9009508490562439
gpipuocgfq.mp4,0.9161409139633179
gpjfundste.mp4,0.37197333574295044
gpjwbkelnm.mp4,0.3582306206226349
gpjyutpeib.mp4,0.9387553930282593
gpktstikwh.mp4,0.40162768959999084
gplcznqznv.mp4,0.11254312843084335
gpldedgawp.mp4,0.929881751537323
gplyturbmn.mp4,0.73640376329422
gpnaqdqwqn.mp4,0.986983060836792
gpnnxqxwze.mp4,0.9085026979446411
gpolwqideg.mp4,0.8044259548187256
gpoummlawi.mp4,0.9834258556365967
gppsgbqjhr.mp4,0.6848469376564026
gppwxisrdc.mp4,0.903507649898529
gpqlfejyna.mp4,0.48428666591644287
gpqvcwoenr.mp4,0.3895318806171417
gprmemqqif.mp4,0.40986332297325134
gprvjgqraz.mp4,0.9096941351890564
gprwzinlpd.mp4,0.09591858088970184
gprxsfwfkc.mp4,0.895267128944397
gpsqelalbp.mp4,0.06064882501959801
gpsqqpfkdy.mp4,0.8842330574989319
gptcvmbcqo.mp4,0.964066743850708
gpuciydhjt.mp4,0.13425521552562714
gpuspwfxfl.mp4,0.7910068035125732
gpvwsfexwp.mp4,0.8746692538261414
gpwllvbhtm.mp4,0.87127286195755
gpwufippaw.mp4,0.7705424427986145
gpwzcdqrwb.mp4,0.9823752045631409
gpxbzuuekd.mp4,0.9546942710876465
gpxtwpeski.mp4,0.14258506894111633
gpyetootnv.mp4,0.8898048400878906
gpzvmkrzgp.mp4,0.05592336505651474
gpzyphbuiq.mp4,0.973431408405304
gqaybjiybn.mp4,0.7679576873779297
gqbelxwffi.mp4,0.2424897402524948
gqbraaobou.mp4,0.7045812606811523
gqbzlzztkw.mp4,0.8371343612670898
gqcruneneb.mp4,0.9880989193916321
gqdahxdfxi.mp4,0.9034613966941833
gqdcfaicrl.mp4,0.7345523834228516
gqeynbcxkt.mp4,0.9204198122024536
gqfqalokpc.mp4,0.915140688419342
gqgtmhrmxe.mp4,0.14972056448459625
gqhggniyqk.mp4,0.24025151133537292
gqhmedrcky.mp4,0.9474549293518066
gqikxmwgcc.mp4,0.9821033477783203
gqimawahvr.mp4,0.8422250747680664
gqinsedysp.mp4,0.9549956917762756
gqiwjxefzm.mp4,0.865675151348114
gqkajbhkof.mp4,0.9151564240455627
gqlajpyklv.mp4,0.0963531956076622
gqlfqtmmxn.mp4,0.8339406847953796
gqlqikaara.mp4,0.8918823003768921
gqlvahrghg.mp4,0.9199497699737549
gqmkuyvpdv.mp4,0.8154729008674622
gqndefmvai.mp4,0.8400571346282959
gqnpffuryh.mp4,0.9349204301834106
gqnudphymq.mp4,0.7687972784042358
gqnwgfbkzu.mp4,0.9006801843643188
gqnylcoyuu.mp4,0.48155853152275085
gqobzkvpep.mp4,0.8257952332496643
gqonceccpe.mp4,0.8518437147140503
gqopkqbkfc.mp4,0.977432370185852
gqpayiddqv.mp4,0.5844851732254028
gqpjtmozqb.mp4,0.8466306328773499
gqpmcwawlo.mp4,0.8064522743225098
gqqwhprmmg.mp4,0.9693316221237183
gqrawigxvq.mp4,0.8828117251396179
gqriktodch.mp4,0.8896946310997009
gqrwddkzts.mp4,0.8176875114440918
gqsxnpltxr.mp4,0.9490973353385925
gqtmtpyvka.mp4,0.788357675075531
gqtuvbqpsq.mp4,0.372236430644989
gqubsjszxz.mp4,0.9565039277076721
gqugaumrhz.mp4,0.022284792736172676
gqvaukdpwf.mp4,0.29671645164489746
gqvhfslswt.mp4,0.7166255712509155
gqvwimfpsc.mp4,0.9220146536827087
gqvxiqyivr.mp4,0.9089580178260803
gqwdkieboo.mp4,0.41979214549064636
gqwgdjqnmj.mp4,0.9152249693870544
gqwieprwei.mp4,0.8384919166564941
gqxlxuohui.mp4,0.06814726442098618
gqxmkawnqx.mp4,0.07834453880786896
gqxmvibpbl.mp4,0.37682342529296875
gqxqqodwql.mp4,0.9259073138237
gqydkbnsxs.mp4,0.8932933807373047
gqyhsojmrv.mp4,0.9800148010253906
gqyrggbsdy.mp4,0.5078251361846924
gqzeunnauo.mp4,0.9283751845359802
gqzfzqemdg.mp4,0.9714023470878601
gqzgsjhuem.mp4,0.8899604678153992
gqzltruesu.mp4,0.5953159928321838
gqzluogxga.mp4,0.8889627456665039
gqzmitvnil.mp4,0.7345564961433411
gqzpstkfoy.mp4,0.6949721574783325
gqzvxlnszl.mp4,0.9670199751853943
graaqioxxg.mp4,0.14632821083068848
graytfvzpa.mp4,0.9408830404281616
grcebccgmn.mp4,0.9063670635223389
grckidrcno.mp4,0.057836126536130905
grcrqhjtkp.mp4,0.9350005388259888
grcsdeaphd.mp4,0.09243426471948624
grdfjgrjnf.mp4,0.0494358129799366
grdqmwyyqg.mp4,0.9559476971626282
grgoqekefq.mp4,0.6775628328323364
grgtcqgenk.mp4,0.7337023019790649
grgwugperc.mp4,0.9168224334716797
grgytdeghx.mp4,0.33697375655174255
grgzrryeox.mp4,0.9208204746246338
grhovatoev.mp4,0.9285772442817688
grifwanjzn.mp4,0.7194777727127075
grihfvadlq.mp4,0.941059947013855
grjlkuvjdb.mp4,0.904653787612915
grjmbvjmtr.mp4,0.9646406173706055
grlpjauvzq.mp4,0.9145935773849487
grmlwkwdcl.mp4,0.8157880902290344
grmwnqgnpw.mp4,0.8773046135902405
groylurwmw.mp4,0.161299929022789
grpiilvmlr.mp4,0.5470936894416809
grptyztvqt.mp4,0.4436810314655304
grqdeuyjno.mp4,0.9163883328437805
grqheonmvl.mp4,0.5712846517562866
grregntfio.mp4,0.9324527382850647
grrzxzptay.mp4,0.8036976456642151
grslroerqw.mp4,0.31592726707458496
grsslqidak.mp4,0.8966291546821594
gruwgoaxac.mp4,0.14422017335891724
grvwhehnbv.mp4,0.903959333896637
grwcxofqrx.mp4,0.8510798215866089
grxabtecyy.mp4,0.04202375188469887
grxlphstql.mp4,0.4712117910385132
grybcghwff.mp4,0.48139405250549316
gryesvnbgk.mp4,0.8482339382171631
gryjehjtpz.mp4,0.9401366114616394
grzfncynvs.mp4,0.8087337613105774
grzlpkoinj.mp4,0.5096491575241089
grznenhqyo.mp4,0.8387624025344849
grzocblpqu.mp4,0.909649133682251
grzozxrpgq.mp4,0.9336733818054199
gsamcdsvpu.mp4,0.9662128686904907
gsdebkyxjy.mp4,0.14573509991168976
gsdeqqxsra.mp4,0.822147011756897
gseqcukgdx.mp4,0.25041329860687256
gsezfytakx.mp4,0.8507533073425293
gsgglgjlgm.mp4,0.4957526624202728
gshgzmqfid.mp4,0.13034303486347198
gsinaddbyd.mp4,0.8515772819519043
gsiowgsubl.mp4,0.8995051980018616
gsjtmupmyn.mp4,0.8731508851051331
gsjvxclchn.mp4,0.5159047842025757
gskneuzeua.mp4,0.9704180955886841
gslkbdbmzw.mp4,0.9336853623390198
gsmcvnjygr.mp4,0.4251202642917633
gsmdxqdxdz.mp4,0.2104625403881073
gsmuzwzzhd.mp4,0.9548532962799072
gsnqvvauxc.mp4,0.9483108520507812
gsolecscbm.mp4,0.13471205532550812
gsomzkioxq.mp4,0.7108535766601562
gsonsxkoib.mp4,0.9196581840515137
gsoustqnhm.mp4,0.061262402683496475
gspkzaeqxi.mp4,0.878687858581543
gspmrngxra.mp4,0.8654388189315796
gspptumlth.mp4,0.1684320718050003
gsqepibeqs.mp4,0.6861949563026428
gsqjxejxuo.mp4,0.8490242958068848
gsreldxplc.mp4,0.7987214922904968
gsrqbimmlr.mp4,0.3210351765155792
gsrtyhfpce.mp4,0.5670651197433472
gstflwfliv.mp4,0.985779881477356
gsurjeebwz.mp4,0.5694031715393066
gsvbqfdmzq.mp4,0.9518818855285645
gsvhbvufvu.mp4,0.9086871147155762
gsviktqtsj.mp4,0.9114989042282104
gsvnccxuzy.mp4,0.9678083062171936
gsvvtbcxik.mp4,0.9518619775772095
gswgzcqiav.mp4,0.2527598738670349
gswplrzgrl.mp4,0.8460809588432312
gswwmzzjhl.mp4,0.8544291853904724
gsxlolioxh.mp4,0.41455814242362976
gsyjiiflyp.mp4,0.989133358001709
gsyttxitgj.mp4,0.9851662516593933
gsyuqlpdac.mp4,0.9267269968986511
gszezmtvth.mp4,0.4916985332965851
gszgqnuzox.mp4,0.36454054713249207
gszkgixytj.mp4,0.5044189691543579
gtakjbzpjr.mp4,0.4269524812698364
gtawaprccv.mp4,0.9353926777839661
gtazbanxdk.mp4,0.7917691469192505
gtbjejzsaf.mp4,0.10327406972646713
gtbjyhvpjl.mp4,0.9523428678512573
gtbmmjlyes.mp4,0.8628284931182861
gtbulzataa.mp4,0.2459392547607422
gtcqlfgves.mp4,0.9589748382568359
gtdjltklox.mp4,0.9218149781227112
gteegjifpn.mp4,0.843798041343689
gtehnsuwpf.mp4,0.9738843441009521
gtempuluqe.mp4,0.08587277680635452
gteyoegtwz.mp4,0.5382023453712463
gtfeygqlgd.mp4,0.8986929059028625
gtfpkooeab.mp4,0.9357650876045227
gtfqrajodf.mp4,0.8780145049095154
gtfydughgx.mp4,0.6958118081092834
gtgjhateos.mp4,0.21520550549030304
gtglqdxsbl.mp4,0.9157604575157166
gtgnsdblos.mp4,0.3676374852657318
gtgtsreuso.mp4,0.6860776543617249
gthcuihaxs.mp4,0.10995646566152573
gthgmboyet.mp4,0.9270818829536438
gthvvygfcj.mp4,0.9480639100074768
gtiyrmrily.mp4,0.9002445936203003
gtjichhfwd.mp4,0.8492925763130188
gtjqkjjkbv.mp4,0.7769635319709778
gtkdnbowjr.mp4,0.5569972991943359
gtkjgrkufy.mp4,0.9770558476448059
gtkrvhnjuz.mp4,0.5124369263648987
gtksiofiwm.mp4,0.80641770362854
gtlldwduek.mp4,0.8233085870742798
gtlqonbaur.mp4,0.5447911024093628
gtnobsfmmg.mp4,0.7696471214294434
gtnpqevfqh.mp4,0.1629902571439743
gtnprsrvpc.mp4,0.9281498193740845
gtohtrqukn.mp4,0.9559693932533264
gtotdtzxqz.mp4,0.9415175318717957
gtoxgbepyx.mp4,0.870858371257782
gtpajvnljq.mp4,0.11202991008758545
gtpbqogpif.mp4,0.7482131123542786
gtqraqbdxd.mp4,0.8937864899635315
gtrymxgptc.mp4,0.9900000095367432
gttcfnpbnd.mp4,0.7808117866516113
gttjnebniq.mp4,0.9155895113945007
gtuqynohfh.mp4,0.6617258191108704
gtvszqcyiu.mp4,0.21605628728866577
gtwgpgmxay.mp4,0.9507142901420593
gtwspzfcve.mp4,0.8967163562774658
gtxzguuouj.mp4,0.48074379563331604
gtyvtbojpp.mp4,0.9020962715148926
guamkilhnt.mp4,0.33498018980026245
gucsgoyqes.mp4,0.886788547039032
gudbaucusm.mp4,0.8250144720077515
gudniqrnda.mp4,0.9154163002967834
gudnqcenha.mp4,0.08609932661056519
gueccdqigw.mp4,0.8861240148544312
guemdthavy.mp4,0.20028400421142578
guezpomtrv.mp4,0.7142643332481384
guffckbvby.mp4,0.9281435012817383
gufhvkutxh.mp4,0.8059857487678528
gugxmnqcuz.mp4,0.9353192448616028
guhbdgmemt.mp4,0.9505699872970581
guikinmnpm.mp4,0.7919884920120239
guipdaxnix.mp4,0.8886608481407166
guiupvmbnj.mp4,0.12259659171104431
gujfmnwfsg.mp4,0.3062743544578552
gujzyphkky.mp4,0.9145900011062622
gukkdligzb.mp4,0.1016446202993393
guligiuqch.mp4,0.761584997177124
gumcnhxhju.mp4,0.9537774324417114
gumgtfoblf.mp4,0.9597736597061157
gumjimknrf.mp4,0.8587773442268372
gumuvrnmnw.mp4,0.9352156519889832
gunswjvcre.mp4,0.9842289686203003
gunuuztaxd.mp4,0.10643721371889114
gunvgbbxht.mp4,0.9461113214492798
guorqioozw.mp4,0.9454407691955566
guoubqfpam.mp4,0.9353451728820801
guougkebbc.mp4,0.9348520040512085
guoxrfrcjl.mp4,0.6704503297805786
gupfxsxboj.mp4,0.11785291135311127
guplchrlzb.mp4,0.8335922360420227
gupsvszzkb.mp4,0.05964457616209984
gupwexfkmw.mp4,0.0949942097067833
gupyznzzsg.mp4,0.6569050550460815
gureoksscs.mp4,0.7118893265724182
gurgzgaapw.mp4,0.9202077388763428
gusmunifrj.mp4,0.8066785335540771
guthddbqij.mp4,0.8180800676345825
gutmvovhsj.mp4,0.9618031978607178
gutujxzrwz.mp4,0.9721019268035889
gutukjzyfq.mp4,0.8907833099365234
guunxrhwrd.mp4,0.6248360872268677
guvcexkwdz.mp4,0.7163960933685303
guvptbqgrj.mp4,0.7985454797744751
guvtadxsbd.mp4,0.6285098791122437
guwqwhnpzx.mp4,0.90452641248703
guxqzghrat.mp4,0.7731931805610657
guxzdbakef.mp4,0.7763363122940063
guycctasoq.mp4,0.9483281373977661
guymqchfwo.mp4,0.9819983243942261
guytsqxffo.mp4,0.9449828863143921
guyytkpebp.mp4,0.8775787949562073
guzkiukrgs.mp4,0.9111937284469604
gvakjgsafd.mp4,0.07133873552083969
gvasdexmhe.mp4,0.9706370830535889
gvbbunnuat.mp4,0.9355006217956543
gvbhzwgszk.mp4,0.8804659247398376
gvbrxjqgaz.mp4,0.945124089717865
gvcqqdwswv.mp4,0.9269371032714844
gvcvgscwwp.mp4,0.7218896150588989
gvcwrbcqdd.mp4,0.8998140096664429
gvdddfgpuv.mp4,0.946357011795044
gvdlijoszh.mp4,0.9491406679153442
gvdqdduzkm.mp4,0.7170320749282837
gvdzbvkrlf.mp4,0.7266765236854553
gvejaseods.mp4,0.9144960045814514
gvekoglrgx.mp4,0.9153876304626465
gvelqlpjlg.mp4,0.7550037503242493
gvfblfpwca.mp4,0.9807566404342651
gvfvpjomcj.mp4,0.90448397397995
gvgajrzeed.mp4,0.4790777266025543
gvgxwfdoif.mp4,0.960265040397644
gvhvwnyqhp.mp4,0.9755620360374451
gvihoaswnr.mp4,0.9172908067703247
gvjesqmidg.mp4,0.4967665672302246
gvjmebnzzt.mp4,0.9647924900054932
gvkshqoaoc.mp4,0.8725093007087708
gvktgluynt.mp4,0.9296432733535767
gvlagxnnyh.mp4,0.2953987121582031
gvlczlcpmq.mp4,0.12170084565877914
gvlegsuxrg.mp4,0.892278254032135
gvlsustfbo.mp4,0.9648751616477966
gvlswvktmc.mp4,0.9183728694915771
gvmfxvenfz.mp4,0.9124565124511719
gvmmfnzgbq.mp4,0.9843838810920715
gvmuanyslh.mp4,0.6908476948738098
gvnikaiiur.mp4,0.8146871328353882
gvnjgfmlvx.mp4,0.3728172481060028
gvoovcgcbs.mp4,0.7313215136528015
gvooygdutl.mp4,0.7112821340560913
gvoppdyhiw.mp4,0.29032397270202637
gvqnyftnqr.mp4,0.13684187829494476
gvqtcevzuo.mp4,0.9836795926094055
gvqtciuapu.mp4,0.09688126295804977
gvqtnedfso.mp4,0.8861583471298218
gvrsulnkqu.mp4,0.3828548491001129
gvrtvflyup.mp4,0.04981054365634918
gvsnktlqne.mp4,0.9339735507965088
gvswyialmf.mp4,0.24744951725006104
gvugievkqg.mp4,0.6157164573669434
gvuknosmbn.mp4,0.844383955001831
gvvhegkoiz.mp4,0.9524035453796387
gvvtqekgnn.mp4,0.9863870143890381
gvwsbshbuz.mp4,0.9621508717536926
gvxermtjav.mp4,0.11603417992591858
gvxubmogmp.mp4,0.08743449300527573
gvxxuwvfmx.mp4,0.940917432308197
gvyjskpsbn.mp4,0.8822875618934631
gvyvbdlfap.mp4,0.8113420605659485
gvyzmvvvst.mp4,0.8636571764945984
gvzhautbsl.mp4,0.04701954498887062
gvzpnjrjdr.mp4,0.13015921413898468
gwadlivyoy.mp4,0.8819555044174194
gwaoeruqxm.mp4,0.9324567317962646
gwauxumrmi.mp4,0.9192253351211548
gwazpgohym.mp4,0.9894537329673767
gwbqirmhfs.mp4,0.8726999163627625
gwbtfherju.mp4,0.9322436451911926
gwcackkeyx.mp4,0.9636927247047424
gwcngswmpj.mp4,0.8727721571922302
gwdgaxgtbf.mp4,0.09165610373020172
gweqqjwlxg.mp4,0.12687523663043976
gwfnjzzqju.mp4,0.9209638833999634
gwfplwjvqk.mp4,0.9850897192955017
gwfykhtnqd.mp4,0.923102080821991
gwfzxvjjaw.mp4,0.8678285479545593
gwgqpoaben.mp4,0.15668100118637085
gwhdmjsjlp.mp4,0.4015476405620575
gwihhlwtiq.mp4,0.13909929990768433
gwivrmiros.mp4,0.8664471507072449
gwjdnxefon.mp4,0.03438795357942581
gwjgjuzzsp.mp4,0.8838589191436768
gwjhwktqmz.mp4,0.8870712518692017
gwjvucdwox.mp4,0.44306695461273193
gwjygmdcca.mp4,0.9118139147758484
gwkspxiopk.mp4,0.9306007027626038
gwkxazzmmr.mp4,0.104873426258564
gwldjrjahk.mp4,0.9217337965965271
gwmbvteaor.mp4,0.6602964997291565
gwmolehgvj.mp4,0.8551177382469177
gwmpjvzjug.mp4,0.6505774855613708
gwnaxtndii.mp4,0.9001027941703796
gwnwppscuf.mp4,0.4038148820400238
gwopodktyx.mp4,0.8356993794441223
gwpanglzbd.mp4,0.9358426928520203
gwpdxinfbc.mp4,0.9100136756896973
gwpyjfjctj.mp4,0.7134323120117188
gwqdrapybq.mp4,0.3492228388786316
gwrloogbta.mp4,0.8896086812019348
gwrnbskgml.mp4,0.8837751150131226
gwrvpajipu.mp4,0.926457405090332
gwsygunrfd.mp4,0.9689777493476868
gwtqrjjdfy.mp4,0.6828196048736572
gwvdqrkuux.mp4,0.10848132520914078
gwxtrqsaew.mp4,0.07309167832136154
gwymeedakp.mp4,0.9610596299171448
gwzavddryz.mp4,0.8051676154136658
gwzttezkpv.mp4,0.08949869871139526
gxahsvasub.mp4,0.8422878384590149
gxaxnlxlbg.mp4,0.8917155265808105
gxblelyihv.mp4,0.6008436679840088
gxcoafghbo.mp4,0.9210937023162842
gxcyjadqpe.mp4,0.6767987012863159
gxdbjmerhb.mp4,0.8876520991325378
gxdnihgbib.mp4,0.6954560875892639
gxeexnwuua.mp4,0.6931127309799194
gxekqzllls.mp4,0.0776343122124672
gxemcrngus.mp4,0.9282302260398865
gxeogmuaiz.mp4,0.9067047834396362
gxeokzxuzn.mp4,0.04352357238531113
gxexltzdzl.mp4,0.9300801753997803
gxgebeeulk.mp4,0.914020299911499
gxgseukasu.mp4,0.9110292196273804
gxgxsrftqs.mp4,0.11332301795482635
gxgytyxovs.mp4,0.48460114002227783
gxhigzfqiq.mp4,0.7968177795410156
gxhkzichcb.mp4,0.9466283321380615
gxhyukxwgx.mp4,0.6311471462249756
gxjlopeyls.mp4,0.6997078061103821
gxkjqcicyt.mp4,0.924139142036438
gxkohasmfj.mp4,0.8548239469528198
gxnjamrtcf.mp4,0.9742107391357422
gxotbbzdqi.mp4,0.9818174839019775
gxrgmigzwn.mp4,0.6971548795700073
gxrqxnlvfe.mp4,0.49843791127204895
gxsfmaqauz.mp4,0.9191266894340515
gxskukcgnu.mp4,0.8184328079223633
gxtkixenvj.mp4,0.08422284573316574
gxuetvjkho.mp4,0.9179934859275818
gxvbypqozt.mp4,0.1697850525379181
gxvifszntd.mp4,0.28650912642478943
gxxlbjuyza.mp4,0.09146437793970108
gxytgtbrld.mp4,0.8793176412582397
gxzmtungxc.mp4,0.972353994846344
gyaiywhloc.mp4,0.9451842904090881
gyapfffpvd.mp4,0.8906071782112122
gyarwewnap.mp4,0.8628361821174622
gyaxfbagnj.mp4,0.8972080945968628
gyccrjplmo.mp4,0.9296256899833679
gycrnobqpp.mp4,0.12841881811618805
gycsdchxjv.mp4,0.10446088761091232
gydiqiazti.mp4,0.8858155012130737
gydjwwwbno.mp4,0.9220111966133118
gydvsfdigh.mp4,0.3388025760650635
gyfqnutjyv.mp4,0.048211708664894104
gyfvycxfie.mp4,0.8863029479980469
gygcwtvdwz.mp4,0.46039053797721863
gyghugsmoh.mp4,0.9641553163528442
gyibxtkqsu.mp4,0.9306869506835938
gyismzbpat.mp4,0.8183640241622925
gyiustrwjv.mp4,0.8436430096626282
gyjdebcqrc.mp4,0.9561415910720825
gykfuhwoaa.mp4,0.9071659445762634
gyknyxbcak.mp4,0.9134575724601746
gyksbhfprp.mp4,0.8883303999900818
gykvshoqvk.mp4,0.8957340121269226
gykzntrrbw.mp4,0.9091745615005493
gylhcczatl.mp4,0.9738760590553284
gyliqzgsuy.mp4,0.9167755842208862
gylwlxqeer.mp4,0.9540677666664124
gymeckipqs.mp4,0.7826233506202698
gynpswzfos.mp4,0.8681631088256836
gyohjhqfmo.mp4,0.9224293828010559
gyosmhohba.mp4,0.5879614949226379
gypapuqdrx.mp4,0.4575903117656708
gypihejvbg.mp4,0.7594731450080872
gyppjmvypq.mp4,0.07350404560565948
gyrmgxlclo.mp4,0.9019416570663452
gysupwvqhg.mp4,0.9619715809822083
gytyimgugz.mp4,0.923945426940918
gytzzsfpxt.mp4,0.8027110695838928
gyvolulghr.mp4,0.976459801197052
gywcvsgmda.mp4,0.8932514786720276
gywkkzzoxq.mp4,0.20809698104858398
gywuzlodjr.mp4,0.9235847592353821
gyxkzwnniw.mp4,0.8916457295417786
gyzksucobq.mp4,0.9430545568466187
gyzplkphqa.mp4,0.9323360919952393
gzabjmglim.mp4,0.07156457006931305
gzbepripts.mp4,0.1748105138540268
gzcqegoojz.mp4,0.8732438683509827
gzcsmtvrjv.mp4,0.8870576024055481
gzcuhiyvpo.mp4,0.17907030880451202
gzdeexgkwp.mp4,0.8061372637748718
gzdmaijwqq.mp4,0.8688696622848511
gzdnifamxx.mp4,0.23335182666778564
gzdsestvja.mp4,0.9315937757492065
gzeidtyzub.mp4,0.09655677527189255
gzezqvyuqj.mp4,0.7592832446098328
gzflzoaadh.mp4,0.6015943288803101
gzfovnvluq.mp4,0.9673526883125305
gzfpunodyf.mp4,0.9522663950920105
gzfucmvdsr.mp4,0.8895641565322876
gzhxxfhpyx.mp4,0.8481703400611877
gzialwlrmz.mp4,0.9706992506980896
gzixibzfdy.mp4,0.9029213786125183
gzjphqbump.mp4,0.06013774499297142
gzjzykoccl.mp4,0.879975438117981
gzlbvmboxm.mp4,0.8252887725830078
gznphyupii.mp4,0.9370754957199097
gzppmtghbx.mp4,0.96208256483078
gzptosqztf.mp4,0.7164921164512634
gzpzmkyxey.mp4,0.7632405161857605
gzquromtns.mp4,0.8163995742797852
gzqyililkj.mp4,0.9090153574943542
gzqywnmwvp.mp4,0.9777448773384094
gzrswfalvp.mp4,0.957774817943573
gzsgxalkve.mp4,0.9356078505516052
gzszyxolow.mp4,0.8866495490074158
gztamvyoxr.mp4,0.9872053265571594
gztffgsxpt.mp4,0.060805562883615494
gzutyeitxk.mp4,0.07006310671567917
gzvqxxjglz.mp4,0.2005814164876938
gzvsihgvyu.mp4,0.13903585076332092
gzwemmhhhp.mp4,0.6967217922210693
gzwpdcyauj.mp4,0.9670637249946594
gzwzxbtkpd.mp4,0.940817654132843
gzxtqsjyqm.mp4,0.09446147084236145
gzydkfronh.mp4,0.8817223906517029
gzykhcoocu.mp4,0.9592920541763306
gzypdzxoas.mp4,0.8582396507263184
gzyphxbstz.mp4,0.2885022759437561
gzyzadxidl.mp4,0.9612623453140259
gzyzqxvocf.mp4,0.2428508996963501
haaekhexdq.mp4,0.9841735363006592
haawpbcezf.mp4,0.9772636294364929
habhcfsjme.mp4,0.06632109731435776
habiwpyvhu.mp4,0.819726824760437
habybzgzxe.mp4,0.8974923491477966
hadghhszzt.mp4,0.9682073593139648
hadngdumar.mp4,0.4648997485637665
haefkdmngn.mp4,0.911736011505127
haesrhzukc.mp4,0.9052295088768005
haewukajaa.mp4,0.9037507176399231
haexnflzek.mp4,0.9777536988258362
haffddmiyo.mp4,0.389218807220459
hafobcwarm.mp4,0.9278181195259094
hafojkdniz.mp4,0.956893265247345
hafxsbsgly.mp4,0.613213837146759
hafylusmeq.mp4,0.8943622708320618
hagdzrycyf.mp4,0.9512333273887634
hagyozibor.mp4,0.7571881413459778
hahicwynee.mp4,0.9096692204475403
hahqaxikvp.mp4,0.8833543062210083
hajkizpxpz.mp4,0.82694011926651
hajmqkklsy.mp4,0.4785310626029968
hajyzvmisg.mp4,0.15412791073322296
hakfzgbjpc.mp4,0.3199840784072876
hakgdmsskq.mp4,0.1953630894422531
haknpmhigp.mp4,0.07179097831249237
hakpntaqiz.mp4,0.9450756907463074
hakqvgwstx.mp4,0.8639660477638245
hakypmoszz.mp4,0.9784195423126221
halfgqdacz.mp4,0.9715548753738403
hamgcygfht.mp4,0.725479781627655
hamspgttwp.mp4,0.9314444661140442
haoadbkzvu.mp4,0.08364046365022659
haonmijjij.mp4,0.9511653780937195
hapbnzkyau.mp4,0.9874903559684753
hapjmshqxw.mp4,0.9113156199455261
haqeduqxqn.mp4,0.2893128991127014
haqfqkkehf.mp4,0.8290602564811707
hasaagrlkg.mp4,0.9478210806846619
haslpfcwqj.mp4,0.7912436723709106
hasnlpwbbs.mp4,0.8128468990325928
haspvmtfkl.mp4,0.8768343329429626
hasyzyhtnw.mp4,0.21234621107578278
haszgwfsna.mp4,0.1440829336643219
hatesldbvu.mp4,0.8385066390037537
hatztthpbh.mp4,0.9139584898948669
hauadbuadc.mp4,0.710587739944458
hauatxqcid.mp4,0.9309234619140625
hauswuhngn.mp4,0.7907500267028809
havbyqsvyj.mp4,0.8607892990112305
hawfsumehu.mp4,0.9361853003501892
hawgoyppoc.mp4,0.5164380669593811
hawifsawjr.mp4,0.931107759475708
hawpexvrwr.mp4,0.9428841471672058
hawpzjlxju.mp4,0.9264435172080994
hawrbvowsv.mp4,0.8128901720046997
hayorjmjob.mp4,0.8708611130714417
hazbvrlncf.mp4,0.4366699755191803
hazcvdjzyf.mp4,0.8792662620544434
hazesofgff.mp4,0.9448992013931274
hazsgohnbv.mp4,0.8303360342979431
hbaimlsevz.mp4,0.8579742908477783
hbaqzvhluo.mp4,0.8844041228294373
hbaxiwzjnh.mp4,0.8920985460281372
hbbqldnatj.mp4,0.9590342044830322
hbcuusrvqf.mp4,0.9247258305549622
hbdefybmtv.mp4,0.9894206523895264
hbdemoelnk.mp4,0.3949448764324188
hbdkqzyutc.mp4,0.5392080545425415
hbdwumljsj.mp4,0.7654837369918823
hbfartiyik.mp4,0.7173470854759216
hbgbxnhwum.mp4,0.9166939854621887
hbgdnkkbvi.mp4,0.28298458456993103
hbgkrlnsmt.mp4,0.9703555703163147
hbgpipxncf.mp4,0.9698774814605713
hbhbmwoamq.mp4,0.7271317839622498
hbikqfcnyg.mp4,0.9493975639343262
hbiuohewjf.mp4,0.9619740843772888
hbjiozieej.mp4,0.5600126385688782
hbjsvnfxfi.mp4,0.9435542821884155
hbllwtwewh.mp4,0.9323638081550598
hblqwhprwy.mp4,0.07266482710838318
hblrxxtzvr.mp4,0.2879338264465332
hblxigrvhs.mp4,0.7851681709289551
hbmvxgonmq.mp4,0.11205197870731354
hbocezyrug.mp4,0.6256725788116455
hbouvodtjy.mp4,0.05444714054465294
hbozjjcafn.mp4,0.793372631072998
hbpuinlogb.mp4,0.6146373748779297
hbqewgmkjj.mp4,0.5564145445823669
hbqhyjamvh.mp4,0.34956008195877075
hbqrffvwjf.mp4,0.8910459876060486
hbrgosouxx.mp4,0.8661634922027588
hbrgvmrtnn.mp4,0.07279308885335922
hbrgwpfyhj.mp4,0.9570701122283936
hbrkehqfqm.mp4,0.614797055721283
hbrxrguoxc.mp4,0.6162552237510681
hbsayxqlve.mp4,0.8287097811698914
hbsebsehoh.mp4,0.985231876373291
hbsuttldcd.mp4,0.8459786772727966
hbtiyusigb.mp4,0.9362308382987976
hbuvmgbgzz.mp4,0.901478111743927
hbveyaictx.mp4,0.0975593626499176
hbvjzqiqzz.mp4,0.41818442940711975
hbvvaxorwq.mp4,0.9398658275604248
hbxcjlmqbk.mp4,0.6896235346794128
hbyikfsffc.mp4,0.1351616531610489
hbyxzwnifl.mp4,0.9246286749839783
hcawzoysam.mp4,0.908180296421051
hcbetseuar.mp4,0.9069973230361938
hcbvqqozcj.mp4,0.7412660717964172
hcbzssleke.mp4,0.9435518383979797
hcccsffmhf.mp4,0.9093440771102905
hccoyhfnsf.mp4,0.7875496745109558
hccujersgb.mp4,0.9382047653198242
hccviksznb.mp4,0.8490073680877686
hcdrcpsffi.mp4,0.9381216764450073
hcdyegkqzt.mp4,0.9639676809310913
hceplvorif.mp4,0.9849112033843994
hcgcvhxani.mp4,0.9823391437530518
hcgjlbnvpr.mp4,0.10066372901201248
hcgxrugwko.mp4,0.9232949614524841
hcgzrgtuno.mp4,0.8778015375137329
hchktsapup.mp4,0.9460760951042175
hchpwjgudx.mp4,0.25317198038101196
hciiufvnai.mp4,0.8646209836006165
hciujjwwnw.mp4,0.8427383899688721
hciwewlauj.mp4,0.3132416605949402
hcjkrcvvnd.mp4,0.882576584815979
hcknrtiscw.mp4,0.9335810542106628
hckorjqpvy.mp4,0.7902986407279968
hclxvewcys.mp4,0.9239368438720703
hcnkuzygbp.mp4,0.2323675900697708
hcnyexqclz.mp4,0.9236988425254822
hcocbvbpxp.mp4,0.0460444837808609
hcprdjhcel.mp4,0.8804671764373779
hcpzvrriwh.mp4,0.8680089712142944
hcqyszppuv.mp4,0.20623350143432617
hcrbjaityh.mp4,0.9298463463783264
hcrqxnvfyt.mp4,0.9112094640731812
hcsfkirlgq.mp4,0.935187816619873
hcspsjaudj.mp4,0.877575695514679
hcsynxlfev.mp4,0.815584123134613
hcujjpgxaa.mp4,0.4965580403804779
hculgfktdg.mp4,0.9735055565834045
hcvdpnhqsa.mp4,0.8227095603942871
hcvgqdkqbf.mp4,0.9866952896118164
hcwghmdequ.mp4,0.04993266612291336
hcwhwpwcrv.mp4,0.8936959505081177
hcwiusyvox.mp4,0.9395676851272583
hcwlqsoonr.mp4,0.6966491937637329
hcxcomepos.mp4,0.9214164018630981
hcxhtxqzio.mp4,0.29484128952026367
hcxzxuvedy.mp4,0.9828576445579529
hcyeodttbp.mp4,0.8720488548278809
hcyhcyfnzo.mp4,0.6773080825805664
hcyprruzpu.mp4,0.9281278848648071
hcyqdktfiv.mp4,0.9150142669677734
hcyzbzdwtd.mp4,0.9214493036270142
hczfyxtxnw.mp4,0.5986803770065308
hcziircupz.mp4,0.4569723308086395
hcznycmxsa.mp4,0.9324053525924683
hczoakrfld.mp4,0.778731107711792
hdaleijded.mp4,0.15319743752479553
hdauuytvhx.mp4,0.0914485976099968
hdavvtqjrp.mp4,0.8882278800010681
hdbbppsmhp.mp4,0.9437025189399719
hdbejalgtx.mp4,0.3001593351364136
hdcdmjhoca.mp4,0.7966614961624146
hdclgrggjs.mp4,0.8814284205436707
hdcxhrlafa.mp4,0.8822510838508606
hdddfrvqws.mp4,0.7702053189277649
hddminxrhw.mp4,0.10139679908752441
hddohuycnv.mp4,0.4325125515460968
hddvrtxffc.mp4,0.7356650233268738
hdejlbwnnn.mp4,0.697191596031189
hdeubzuwrt.mp4,0.9377297759056091
hdfheqvqwf.mp4,0.5113258957862854
hdgwynwsyh.mp4,0.8939693570137024
hdhelrqzci.mp4,0.32577621936798096
hdhktpnxtk.mp4,0.8346589803695679
hdhntzlsdw.mp4,0.8007478713989258
hdhosyjdqa.mp4,0.68306565284729
hdhuqvdfij.mp4,0.878990113735199
hdjbbigtmb.mp4,0.7218887805938721
hdjvowbkbe.mp4,0.07648953795433044
hdjvuuxpxx.mp4,0.6029312610626221
hdlcufarcs.mp4,0.8901078104972839
hdlewnlnud.mp4,0.6472412943840027
hdmcjrfdtf.mp4,0.5857141017913818
hdmcmgszjt.mp4,0.863595187664032
hdmqltaiuh.mp4,0.9501932859420776
hdnlkddxfh.mp4,0.9454965591430664
hdnxtcjnps.mp4,0.9147588014602661
hdoemwbabf.mp4,0.40035805106163025
hdonvukllz.mp4,0.9531190991401672
hdoyjaobhg.mp4,0.7192288637161255
hdoyopjuki.mp4,0.7692952752113342
hdpfwcfigq.mp4,0.8026545643806458
hdpkdyuvok.mp4,0.8077466487884521
hdplrrdvqu.mp4,0.06636112928390503
hdquimbepn.mp4,0.21576623618602753
hdrcfbhylq.mp4,0.633247435092926
hdsbvyxutk.mp4,0.0920339971780777
hdtqiagzqb.mp4,0.8309828639030457
hdtslvvftc.mp4,0.27485406398773193
hdvazdbvbo.mp4,0.16980215907096863
hdvpqmklwf.mp4,0.41341620683670044
hdvrxlrnyk.mp4,0.8023421168327332
hdwtamqvky.mp4,0.8126497864723206
hdxfvvlpet.mp4,0.906353771686554
hdxzneektz.mp4,0.8097744584083557
hdysfhsyox.mp4,0.8426756858825684
hdyvindkjk.mp4,0.9594826698303223
hdzckzbjcm.mp4,0.8568052649497986
hdzygqltzu.mp4,0.9350034594535828
heaouuhopi.mp4,0.5335131883621216
heapwnqjpm.mp4,0.8766170740127563
heaqqlytsc.mp4,0.09985148161649704
heaxbmchys.mp4,0.455349862575531
hebctgmncr.mp4,0.9602425694465637
hebddxiwci.mp4,0.9792909622192383
heccnjugpk.mp4,0.4670674800872803
hecglkrexr.mp4,0.4826847016811371
hechdrfgkj.mp4,0.1335093230009079
hecofwjiux.mp4,0.9230141639709473
hecxeqclmd.mp4,0.8874769806861877
hecxxkaprp.mp4,0.24418580532073975
hedeftegwd.mp4,0.6662998199462891
hedetzyqpu.mp4,0.15666769444942474
hedjpbgyga.mp4,0.06551098078489304
heexadftse.mp4,0.1461823582649231
hefiremjyf.mp4,0.07024111598730087
hegttdfqre.mp4,0.902996301651001
heiurmawgr.mp4,0.13011732697486877
heiuytczzb.mp4,0.9558344483375549
hejmoxglbw.mp4,0.30278292298316956
hekeqdfuyw.mp4,0.9188535213470459
hekwkvdvyq.mp4,0.7645688652992249
helaqdgadz.mp4,0.9611925482749939
heldbzescf.mp4,0.051957372575998306
heltevgekc.mp4,0.3135562837123871
helumjtmik.mp4,0.11327827721834183
helywhtbcs.mp4,0.2663789391517639
hemhhjgnld.mp4,0.9277913570404053
henggajptu.mp4,0.9645187854766846
henpwcjutg.mp4,0.8157507181167603
heoxpyffcw.mp4,0.9844637513160706
hepvgksmbb.mp4,0.8287645578384399
hercreciym.mp4,0.9085025191307068
herufumizv.mp4,0.5443304777145386
hervmuonhn.mp4,0.5939624309539795
herwmvoobn.mp4,0.9390439391136169
hesruaznni.mp4,0.8835082650184631
heszotticv.mp4,0.9426957368850708
hetclsgiwz.mp4,0.48416605591773987
hevkhkdleb.mp4,0.45873284339904785
hevnqqfelb.mp4,0.9492738842964172
hevrtabipp.mp4,0.9144749045372009
hewhitnasz.mp4,0.9282834529876709
hewlieyzlv.mp4,0.8632177710533142
hewyozvcjs.mp4,0.644021213054657
hexxuigzdl.mp4,0.9345048666000366
heyixtkolz.mp4,0.4087313413619995
heymqwtnns.mp4,0.9162216186523438
heyuhmcyfe.mp4,0.7597104907035828
hezvknnrgk.mp4,0.5184468030929565
hfbhfeevlg.mp4,0.4330555200576782
hfblnovkno.mp4,0.11216150224208832
hfbqxpfhqu.mp4,0.8554810881614685
hfcbsslplq.mp4,0.9234731197357178
hfcedpllzw.mp4,0.7368897795677185
hfcezskxnq.mp4,0.923909604549408
hfckgxxhle.mp4,0.6172568202018738
hfcojjgcdl.mp4,0.9567806720733643
hfcxlucrbj.mp4,0.09310394525527954
hfdpapyngn.mp4,0.9156278967857361
hfeqmmhfgn.mp4,0.980789065361023
hffemnxolq.mp4,0.9673338532447815
hffkrqxlyv.mp4,0.882560670375824
hfflsxqsqi.mp4,0.9635627865791321
hffpiwqxns.mp4,0.7110270857810974
hffpurrqwv.mp4,0.32126548886299133
hfgcpeoeyp.mp4,0.8301109671592712
hfgczdzbix.mp4,0.11903785914182663
hfhuzaukrl.mp4,0.9259470105171204
hfhvimgnkc.mp4,0.4652925431728363
hfirqzsicr.mp4,0.9593991637229919
hfiuhfcgkx.mp4,0.8430912494659424
hfiyocolqc.mp4,0.9370416402816772
hfizjciwwe.mp4,0.8281822800636292
hfjnotbatc.mp4,0.9166153073310852
hfjoxmvhmu.mp4,0.8445149064064026
hfkssjwgsy.mp4,0.9445558786392212
hflevhjyro.mp4,0.5
hflfcwvmtb.mp4,0.8323695659637451
hflgowqwtt.mp4,0.9284287691116333
hfltwgkohs.mp4,0.8848726749420166
hflzcvraei.mp4,0.8280085921287537
hfmicjxnyl.mp4,0.7456958889961243
hfmwxyjott.mp4,0.9671794772148132
hfmycbfmln.mp4,0.9441164135932922
hfocfhpdtw.mp4,0.8029048442840576
hfoioyeobe.mp4,0.12610630691051483
hfoleykkho.mp4,0.20771649479866028
hfqpyvxasx.mp4,0.9822565913200378
hfqvgavken.mp4,0.9636585712432861
hfrhtjungx.mp4,0.9403547644615173
hfrtnrlcxd.mp4,0.2081098109483719
hfspenqmpw.mp4,0.9203903079032898
hfsrhxxnih.mp4,0.9471259713172913
hftninrtod.mp4,0.7122553586959839
hfuhmcwrhn.mp4,0.8433182835578918
hfurjnbjvj.mp4,0.8897106051445007
hfuumbpivg.mp4,0.9216390252113342
hfvexodpht.mp4,0.9345026612281799
hfwzpytvpn.mp4,0.1737419068813324
hfxhgmcsvf.mp4,0.6815304160118103
hfxmqrzdrp.mp4,0.08107981085777283
hfxnnbwcve.mp4,0.9348022937774658
hfxwupsztp.mp4,0.08770999312400818
hfygefzhwd.mp4,0.9821540117263794
hfzbajanit.mp4,0.04694182425737381
hfzjrtvrtz.mp4,0.9266920685768127
hgapkkpvdb.mp4,0.8793200850486755
hgboevycdj.mp4,0.9720368981361389
hgbumfkmoy.mp4,0.8930555582046509
hgbvseybjl.mp4,0.9513574838638306
hgcbwsvmxh.mp4,0.3732256293296814
hgcjhnidtm.mp4,0.2990494668483734
hgdjrqzwff.mp4,0.8367782831192017
hgdkjejnki.mp4,0.8915658593177795
hgdswzlbuq.mp4,0.13492584228515625
hgeakabscm.mp4,0.9196975827217102
hgeeqivyjy.mp4,0.9438393115997314
hgeesybdln.mp4,0.09120503067970276
hgefzguctw.mp4,0.8687208890914917
hgenhqxwyf.mp4,0.959245502948761
hgfgxgkali.mp4,0.9231637120246887
hgfpjkaots.mp4,0.881018340587616
hgfqmoimul.mp4,0.9104868769645691
hgfxjjgtbx.mp4,0.8611620664596558
hgimnvvfup.mp4,0.7467881441116333
hgipczryrr.mp4,0.8551457524299622
hgjbnfsyid.mp4,0.8890618681907654
hgjheddlde.mp4,0.9131210446357727
hgjkkddwjy.mp4,0.9292512536048889
hgjswpbmmu.mp4,0.8274434208869934
hgkbhaztur.mp4,0.31927111744880676
hgkfryxybj.mp4,0.2677192687988281
hgkiymguuo.mp4,0.6672347187995911
hgkokdqkcx.mp4,0.9658200144767761
hglklkxzxg.mp4,0.8915809392929077
hgmckehjft.mp4,0.9691701531410217
hgmpsbvzkx.mp4,0.12400872260332108
hgndjhgrlr.mp4,0.6594561338424683
hgoscxtunq.mp4,0.788837194442749
hgozghlrty.mp4,0.8851860165596008
hgpbgnofoj.mp4,0.9761362075805664
hgqcjhbdse.mp4,0.881251871585846
hgqeprjgid.mp4,0.9197626113891602
hgqfoasyla.mp4,0.8842611312866211
hgqmjmxhiw.mp4,0.8959663510322571
hgqrrbegzn.mp4,0.8884802460670471
hgsvltiixn.mp4,0.06661402434110641
hgtvuwhztq.mp4,0.9783791303634644
hgubfvlxta.mp4,0.3420967161655426
hguygahizr.mp4,0.7681128978729248
hgvdttjcgk.mp4,0.9691644906997681
hgvfhqfbuz.mp4,0.9584814310073853
hgvlupzwxy.mp4,0.07661512494087219
hgwsskiudd.mp4,0.7048751711845398
hgwzdxfynt.mp4,0.8851556777954102
hgxaxykble.mp4,0.9534804821014404
hgyjtixhyn.mp4,0.8204615116119385
hgyovfcxxl.mp4,0.9198243618011475
hgyupsezoh.mp4,0.9538809657096863
hgyvcmpddj.mp4,0.05108070746064186
hgyzedfdiq.mp4,0.772968053817749
hgzgtxzgeg.mp4,0.9753230214118958
hgzihzctao.mp4,0.85841965675354
hgziojxtan.mp4,0.9731411337852478
hgztdvmlmk.mp4,0.828812301158905
hgzwakwfuu.mp4,0.9172523617744446
hgzzpepxkv.mp4,0.41569048166275024
hhayopshwo.mp4,0.8989238142967224
hhcpcamiwk.mp4,0.9682849645614624
hhcvwyuwfv.mp4,0.4522286355495453
hhdblnxhtj.mp4,0.09621426463127136
hhdffhudyd.mp4,0.9884714484214783
hhdpnhrnsp.mp4,0.6071933507919312
hhdxjkkbow.mp4,0.9561660289764404
hhdzofpfgu.mp4,0.1711188107728958
hheboixbgi.mp4,0.8342459201812744
hhfcshhpse.mp4,0.8409740924835205
hhfhnyojlh.mp4,0.8667643070220947
hhflpjeagw.mp4,0.09763268381357193
hhfplwerbg.mp4,0.9455869197845459
hhftunckhq.mp4,0.9257304668426514
hhgjldiswr.mp4,0.9397090077400208
hhgkixhctm.mp4,0.8971377015113831
hhhrdnwzdw.mp4,0.9560171961784363
hhhrjgexse.mp4,0.8604679107666016
hhhwdbxlej.mp4,0.7826679348945618
hhiznfrxun.mp4,0.9698537588119507
hhjavsocdd.mp4,0.9175972938537598
hhjfirelwd.mp4,0.9542120695114136
hhjnfwezhr.mp4,0.9543265104293823
hhjttwtfko.mp4,0.9375960230827332
hhkhtvnkro.mp4,0.44878312945365906
hhkzdvqnzf.mp4,0.3278130888938904
hhlgrzjdif.mp4,0.9050236940383911
hhlpoxvufn.mp4,0.9694239497184753
hhmemqpsld.mp4,0.7191052436828613
hhmoxuqvqh.mp4,0.9623008370399475
hhmsbuyugf.mp4,0.4409169852733612
hhmwtkzgph.mp4,0.7734396457672119
hhnqmzylpd.mp4,0.8835010528564453
hhoccqhaaq.mp4,0.9173997640609741
hhohejcksh.mp4,0.7855582237243652
hhozjscusk.mp4,0.8550282716751099
hhphifkstv.mp4,0.5300906300544739
hhpivlybuf.mp4,0.9406334161758423
hhpmuiybqn.mp4,0.9700897932052612
hhpvctiryk.mp4,0.8749014735221863
hhqpulohfs.mp4,0.16019387543201447
hhrfguhlkg.mp4,0.9009487628936768
hhroycqneq.mp4,0.9051312804222107
hhsaujqkqo.mp4,0.9606508612632751
hhtnxlvfxd.mp4,0.960853099822998
hhtxwyjqcc.mp4,0.9900000691413879
hhuakzfttr.mp4,0.27832457423210144
hhujcljzhk.mp4,0.9567316770553589
hhuqodnvgi.mp4,0.13991452753543854
hhuwygcgzu.mp4,0.926313579082489
hhvcvjyrne.mp4,0.9302822947502136
hhvdokacxp.mp4,0.9082887172698975
hhvfywtomx.mp4,0.9783684015274048
hhviyvxoiw.mp4,0.9659884572029114
hhwwxylstd.mp4,0.7998947501182556
hhwyxajcrv.mp4,0.7953426241874695
hhxgnzqfxb.mp4,0.051960308104753494
hhxzvnfdij.mp4,0.056565865874290466
hhydqxywzf.mp4,0.9153791666030884
hhykrwtxxp.mp4,0.9024583697319031
hhyykgozwv.mp4,0.4739285111427307
hhzhvvifat.mp4,0.9702708125114441
hhzlddfggp.mp4,0.8960878849029541
hhzprfzlcj.mp4,0.9066872596740723
hialtjzmnx.mp4,0.9560585618019104
hibnixfhse.mp4,0.8071596622467041
hicbwuyaxv.mp4,0.97226482629776
hicusehiwu.mp4,0.465851366519928
hicycmkrce.mp4,0.5040621757507324
hidonazxtm.mp4,0.9260038733482361
hidvvmamhc.mp4,0.9234610795974731
hidwnstahw.mp4,0.30555352568626404
hiedwjfocm.mp4,0.9651991128921509
hiedwjvflb.mp4,0.9238086938858032
hielcvtmau.mp4,0.8222610950469971
hifcwvflfd.mp4,0.08233211934566498
hihcrogmkv.mp4,0.9581012725830078
hihtiqtluv.mp4,0.9841167330741882
hiiqeoftgd.mp4,0.9523140788078308
hiixalzbpk.mp4,0.11148788779973984
hiiyhfqeia.mp4,0.8179162740707397
hiiyszsgjy.mp4,0.9736737608909607
hijflohfrw.mp4,0.9687784910202026
hijoaaoakn.mp4,0.5272595286369324
hikjkaojdy.mp4,0.06160998344421387
hilfoftyjg.mp4,0.8947674632072449
himctcvjeg.mp4,0.976779043674469
hinogxnrhx.mp4,0.24933862686157227
hinrxateqp.mp4,0.8913393020629883
hioffslzjp.mp4,0.12848536670207977
hiokkbarew.mp4,0.055264756083488464
hioopeggcn.mp4,0.7716004252433777
hioqqktyzq.mp4,0.9041343331336975
hipcyptyvv.mp4,0.6689086556434631
hipskflepq.mp4,0.941059410572052
hipzzheqlg.mp4,0.9103196263313293
hiqphvdpfi.mp4,0.9316420555114746
hirzwspuzp.mp4,0.4616366922855377
hischbhubz.mp4,0.8812191486358643
hisfrixnbu.mp4,0.8786470890045166
hislcternr.mp4,0.9882951378822327
hiudppjazt.mp4,0.9081307053565979
hiuybvwqac.mp4,0.11092344671487808
hivqoasard.mp4,0.9698995351791382
hiwfnsyvzr.mp4,0.9648244380950928
hiwlkmphat.mp4,0.3473943769931793
hiwmwaraiy.mp4,0.740402102470398
hixamsqeov.mp4,0.874047577381134
hixdloourp.mp4,0.18040356040000916
hixrtrhxmi.mp4,0.8976329565048218
hixunokdof.mp4,0.8806959390640259
hiycpfipxc.mp4,0.8845451474189758
hiyergvepo.mp4,0.5364090800285339
hiyivgrvoi.mp4,0.8557254672050476
hizgjrsljt.mp4,0.9506325721740723
hizygxelaj.mp4,0.9118944406509399
hjaasqlfzy.mp4,0.7005886435508728
hjbisxrdbp.mp4,0.6549821496009827
hjblygobtf.mp4,0.9276816248893738
hjboqskwsk.mp4,0.7804921865463257
hjbwztyuch.mp4,0.9461174011230469
hjbzbnxylc.mp4,0.8533046841621399
hjcdjhhlzo.mp4,0.9187324047088623
hjcwtelvys.mp4,0.2880394458770752
hjdbpzbkot.mp4,0.9138606786727905
hjddyeycod.mp4,0.9574791193008423
hjdkaabfzj.mp4,0.7925896048545837
hjemlpvsee.mp4,0.05076567828655243
hjevypwbpn.mp4,0.5321643948554993
hjffkbkdvp.mp4,0.10757994651794434
hjfvwlqmeg.mp4,0.07347530126571655
hjgtdyuovr.mp4,0.3214295208454132
hjhhculjsi.mp4,0.6541381478309631
hjieycglah.mp4,0.552672803401947
hjiwmybauf.mp4,0.04292404279112816
hjjccpoiwf.mp4,0.9339431524276733
hjjqxkbsay.mp4,0.8947197198867798
hjkcrbpbmq.mp4,0.9465274810791016
hjlbfmyuri.mp4,0.6638528108596802
hjledymcmc.mp4,0.9203580617904663
hjlgfrsktl.mp4,0.9597112536430359
hjliawiffu.mp4,0.9364731311798096
hjlmanfced.mp4,0.5167710781097412
hjlzopctcs.mp4,0.3351074159145355
hjmeygvyqc.mp4,0.8971188068389893
hjmmmwusjx.mp4,0.9200720191001892
hjmxpjgpol.mp4,0.9762238264083862
hjnhwpnuwm.mp4,0.9060956239700317
hjnjfrebfb.mp4,0.11322972178459167
hjpsvhdncw.mp4,0.903556764125824
hjpxttqjyq.mp4,0.8850193619728088
hjrlzjkygb.mp4,0.9379549622535706
hjurtqndkf.mp4,0.9604119658470154
hjutmftzmw.mp4,0.9231787323951721
hjvdrvoimr.mp4,0.08278018236160278
hjwhpdkwyw.mp4,0.9393990635871887
hjxrkescnx.mp4,0.8090724945068359
hjxvdbnndw.mp4,0.9613106846809387
hjybminefo.mp4,0.97923743724823
hjyffvdgvf.mp4,0.8061005473136902
hjyiwrwmgn.mp4,0.8908061385154724
hjykhqbhtu.mp4,0.4219987690448761
hjykqlxjea.mp4,0.571962833404541
hjziepuyhs.mp4,0.9314512014389038
hkatomhgph.mp4,0.6692976355552673
hkawzvmxbl.mp4,0.9831804037094116
hkbvijpfcs.mp4,0.8810843229293823
hkcapfpydt.mp4,0.425917387008667
hkcmwgdksh.mp4,0.6856269836425781
hkdpyhtqxm.mp4,0.4041368067264557
hkeigtkzne.mp4,0.8767054080963135
hkeodxizla.mp4,0.9754188060760498
hkfagixfez.mp4,0.9622518420219421
hkfajoookb.mp4,0.9469591975212097
hkfkwisdxl.mp4,0.9096199870109558
hkggfwvkgu.mp4,0.9550727605819702
hkglxceyvi.mp4,0.8369049429893494
hkhkaewcvi.mp4,0.8597387671470642
hkhmcpecpe.mp4,0.8997094035148621
hkigowcdwd.mp4,0.884510338306427
hkimmsmxii.mp4,0.8164563179016113
hkkjpsnyoj.mp4,0.914752721786499
hkklgujolw.mp4,0.5576539635658264
hklckgfsis.mp4,0.692426323890686
hkljzykenf.mp4,0.962989866733551
hklmidvppb.mp4,0.49762752652168274
hklnylpqrg.mp4,0.9733194708824158
hklyydiyzp.mp4,0.9350023865699768
hkmapmksbu.mp4,0.10494578629732132
hkmilhpalb.mp4,0.9051911234855652
hkmoxnzqtq.mp4,0.9455827474594116
hkmsartjds.mp4,0.8962141275405884
hknkkpwstj.mp4,0.9335543513298035
hkobpyburj.mp4,0.06587190926074982
hkptymbsmx.mp4,0.8703998923301697
hkqeqfzdqw.mp4,0.9339483976364136
hkqivnrpco.mp4,0.09714320302009583
hkrithzmkt.mp4,0.8942686915397644
hkrkkhinzs.mp4,0.972353994846344
hkrtxvxgru.mp4,0.8699923753738403
hkrwmakjzh.mp4,0.8550746440887451
hksbfcpnax.mp4,0.08897446095943451
hksnuwrrdz.mp4,0.9532948136329651
hkssffmqxw.mp4,0.9285290241241455
hktegfngvy.mp4,0.7857389450073242
hkthfcssqp.mp4,0.8687873482704163
hktmreohka.mp4,0.9317685961723328
hkudmkrrvu.mp4,0.95968097448349
hkutirleav.mp4,0.9561861157417297
hkvfyeacje.mp4,0.09137643873691559
hkvmtvsxem.mp4,0.832518458366394
hkvpmzvour.mp4,0.9157713651657104
hkwmewfrew.mp4,0.93486487865448
hkxfkwihoy.mp4,0.07802654802799225
hkxvcdnquz.mp4,0.9747588634490967
hkygybryma.mp4,0.9252521991729736
hkyoqklcwu.mp4,0.9354662895202637
hkyviotvry.mp4,0.6588927507400513
hkzmlkdyik.mp4,0.7285920977592468
hkzxsmpuld.mp4,0.7084847092628479
hlafyytmmy.mp4,0.8937424421310425
hlawtszbsz.mp4,0.976877748966217
hlbgxxptwj.mp4,0.8486492037773132
hlbhxqaqjn.mp4,0.7957600951194763
hlbyzsyuai.mp4,0.506096363067627
hlcpwfwcyw.mp4,0.20213907957077026
hldqervcxy.mp4,0.40112996101379395
hletmfwutr.mp4,0.03943575173616409
hlevqpdeyf.mp4,0.8241532444953918
hlfwsfhjps.mp4,0.9786227345466614
hlgekivsbq.mp4,0.8611044883728027
hlgjnuwvqu.mp4,0.04023141786456108
hlglukfuyt.mp4,0.1001574695110321
hlhjulceyx.mp4,0.7907454967498779
hlhncbtsgq.mp4,0.8817782402038574
hlhoclqaeb.mp4,0.20395492017269135
hlhzincbxl.mp4,0.8717449307441711
hljbrosgou.mp4,0.9627602696418762
hljiksfqfy.mp4,0.9167245030403137
hlkupyhesf.mp4,0.9374964833259583
hllbaopvae.mp4,0.9338298439979553
hlnuvejoum.mp4,0.9332345724105835
hlpqxodqpz.mp4,0.32263311743736267
hlpvgvhabg.mp4,0.6840358972549438
hlqbwyefzd.mp4,0.4071939289569855
hlqvmahzco.mp4,0.11783585697412491
hlrcsqraqd.mp4,0.422213613986969
hlrdlbupbd.mp4,0.9260694980621338
hlritbsszg.mp4,0.9587351679801941
hlrlbzwfxa.mp4,0.8908766508102417
hlrlzybjrq.mp4,0.12725207209587097
hlskpzircb.mp4,0.610399067401886
hlsrphdgcn.mp4,0.22407013177871704
hlsubhyoea.mp4,0.05932926759123802
hlugfdnwth.mp4,0.8268332481384277
hluutfbsig.mp4,0.9292927980422974
hluxanoxct.mp4,0.07484771311283112
hluygfpyjs.mp4,0.6830148100852966
hluzffysqf.mp4,0.9260470867156982
hlxpjpydlh.mp4,0.4268222749233246
hlytebulax.mp4,0.9878914952278137
hlzmydxvvf.mp4,0.8964008092880249
hlzztkliyx.mp4,0.9474702477455139
hmaacoiafs.mp4,0.9809383153915405
hmaiksgpyg.mp4,0.23061466217041016
hmapkolrje.mp4,0.8160356879234314
hmbdrjvmet.mp4,0.5252650380134583
hmbkdaflod.mp4,0.7945285439491272
hmbpajsqhd.mp4,0.9508396983146667
hmbxhbhknk.mp4,0.9517867565155029
hmchxsdorm.mp4,0.8667011857032776
hmcqmxvatx.mp4,0.9149702787399292
hmdbpmyhyp.mp4,0.23381902277469635
hmdnaffyws.mp4,0.8203084468841553
hmdppelxqt.mp4,0.9317334294319153
hmedexplpk.mp4,0.7369091510772705
hmfcvfkagy.mp4,0.6742879152297974
hmfskvugyq.mp4,0.7419566512107849
hmhnfzfrro.mp4,0.8201904296875
hmikzgosnp.mp4,0.8967158198356628
hmiugidcyk.mp4,0.9194722175598145
hmiwpufbgr.mp4,0.6343071460723877
hmiylncrva.mp4,0.9444882273674011
hmjzgvkbky.mp4,0.23265308141708374
hmklvgxrga.mp4,0.9227802753448486
hmkphhcxhw.mp4,0.9485889077186584
hmktpowvrd.mp4,0.7509413957595825
hmlwkqnxio.mp4,0.9047614932060242
hmlxrwowtc.mp4,0.9580317139625549
hmmwmhrujk.mp4,0.15071307122707367
hmnwbyjgea.mp4,0.8248614072799683
hmofiqjzxe.mp4,0.577253520488739
hmoglbgvzh.mp4,0.8708981275558472
hmpczzivtb.mp4,0.855786144733429
hmpmzhsjga.mp4,0.9818407893180847
hmprulvonq.mp4,0.8515694737434387
hmqcnrnldb.mp4,0.6886903643608093
hmqvkvgdop.mp4,0.7746500968933105
hmsewtnful.mp4,0.8622502088546753
hmsmkwzusz.mp4,0.958212673664093
hmsupjpzvl.mp4,0.9530813694000244
hmtkeeibrj.mp4,0.8814338445663452
hmtkfywnsi.mp4,0.7188315391540527
hmtnmrntlj.mp4,0.06888983398675919
hmtslfgekh.mp4,0.892620325088501
hmuurfnobk.mp4,0.06516764312982559
hmwcwtutbx.mp4,0.7907121777534485
hmxdowkesn.mp4,0.10784514248371124
hmxdwxydsk.mp4,0.59440016746521
hmxflzmzym.mp4,0.8823784589767456
hmxlvyrksk.mp4,0.9602341055870056
hmyccfpvbu.mp4,0.9165072441101074
hmyfqyxclx.mp4,0.7745592594146729
hmzclmiplx.mp4,0.9224705696105957
hmzcuszpok.mp4,0.8423808813095093
hmzpkrjqxh.mp4,0.8697222471237183
hnbbjkbmiw.mp4,0.9611462950706482
hncklxqdgl.mp4,0.8717935681343079
hncvqppfad.mp4,0.3132898807525635
hnduasoexh.mp4,0.971868634223938
hndweyuwrf.mp4,0.704595685005188
hndzrlolxt.mp4,0.12999531626701355
hnemetktvp.mp4,0.9737691879272461
hnetpruzii.mp4,0.9418128132820129
hnfdytoptb.mp4,0.06944628059864044
hnfqnasdnm.mp4,0.9244868755340576
hngbppnrys.mp4,0.9481953382492065
hnglazpqtw.mp4,0.10693477839231491
hngmdcwliy.mp4,0.8619767427444458
hngsxhckgd.mp4,0.5
hnhafxatut.mp4,0.8709534406661987
hnhrxcfqsy.mp4,0.8781564831733704
hninriimhd.mp4,0.8776317834854126
hniydbeakm.mp4,0.7577269673347473
hnjgqaaicx.mp4,0.8553704619407654
hnjoobqywj.mp4,0.9672092199325562
hnjvdnygjm.mp4,0.9648617506027222
hnjzbriysa.mp4,0.6813164949417114
hnmefdzxxf.mp4,0.8640367984771729
hnmpqyteqf.mp4,0.17105598747730255
hnnlcrqfpf.mp4,0.06753979623317719
hnobywmhub.mp4,0.9791801571846008
hnonyvtuvx.mp4,0.8785714507102966
hnpjlqwpos.mp4,0.6414371728897095
hnpxfwmrxc.mp4,0.6489182114601135
hnqjwijpdp.mp4,0.6804236769676208
hnqkejilda.mp4,0.8941881656646729
hnqxotcevk.mp4,0.8957107067108154
hnrjqavaaf.mp4,0.9775388836860657
hnrlrzohns.mp4,0.08414486795663834
hnrzuoqnkz.mp4,0.898592472076416
hnselekxwv.mp4,0.2946925759315491
hnsgjiicgo.mp4,0.9540148377418518
hnsvwqpsxc.mp4,0.9829858541488647
hnswfdiygr.mp4,0.9731311798095703
hnuudbriou.mp4,0.5
hnuxytmfdm.mp4,0.9360995292663574
hnwayorldx.mp4,0.8693773746490479
hnwljrzjaz.mp4,0.1940717101097107
hnwwmhenfg.mp4,0.902904748916626
hnxdqowyqc.mp4,0.08059345930814743
hnxetiknbh.mp4,0.6018053293228149
hnxhwfttpy.mp4,0.91941899061203
hnxiwdurri.mp4,0.9194374084472656
hnyfyegvrt.mp4,0.8813562393188477
hnyhxyrahc.mp4,0.986182689666748
hnzymonnsh.mp4,0.11049926280975342
hoafmkwlaw.mp4,0.8121713995933533
hoavhqskuy.mp4,0.7546311616897583
hoaweiathp.mp4,0.9159687161445618
hobarhnsyk.mp4,0.9250222444534302
hobmpusszb.mp4,0.7315858602523804
hocglwmzhr.mp4,0.2407475858926773
hockjwzduq.mp4,0.9252841472625732
hocuhwhgji.mp4,0.936075747013092
hocwzucogk.mp4,0.9156783819198608
hodglukdub.mp4,0.6295819282531738
hodhfycfrm.mp4,0.9566904902458191
hodzowguky.mp4,0.9536083340644836
hofhiufhfd.mp4,0.47005942463874817
hofqokfyvd.mp4,0.9214749336242676
hofrbunxng.mp4,0.6005088686943054
hofyuwtrcy.mp4,0.8894553184509277
hogilbrbej.mp4,0.05856524407863617
hogyprobqu.mp4,0.9536101818084717
hohrvrekpk.mp4,0.16742204129695892
hoifswpbsd.mp4,0.41711029410362244
hoihutnvty.mp4,0.8529045581817627
hoitqyycbu.mp4,0.18568772077560425
hojbefkzhz.mp4,0.7099329233169556
hojcyybnwm.mp4,0.03649761155247688
hojjnezarv.mp4,0.9724900126457214
hokbxluozv.mp4,0.8388542532920837
hokugesscb.mp4,0.9849506616592407
holdvutgiz.mp4,0.9383028149604797
holfzxlrzl.mp4,0.8225467801094055
holjfoqmdj.mp4,0.9165307879447937
hopheufrwa.mp4,0.8187965154647827
hopuugykpb.mp4,0.9510997533798218
hoqjyfyjbw.mp4,0.8208127021789551
horcjsxnin.mp4,0.8784565329551697
hormvlveov.mp4,0.79527348279953
horrhnsuea.mp4,0.8010357022285461
horzzciczp.mp4,0.9384347796440125
hosqfqqgee.mp4,0.8589039444923401
hotvnhsufy.mp4,0.9429092407226562
houceixjki.mp4,0.9657679200172424
houdacvthz.mp4,0.809064507484436
hournhdfpq.mp4,0.9004254341125488
houyfiwdyw.mp4,0.9046695828437805
houzjcicgk.mp4,0.9475171566009521
hovynzkrlh.mp4,0.5227447152137756
howewzbdom.mp4,0.8848240971565247
howishwmtc.mp4,0.7822326421737671
howruupkxw.mp4,0.9126144051551819
hoxrefyboh.mp4,0.6554489135742188
hoykxrljpv.mp4,0.9112327694892883
hozwfqophr.mp4,0.5
hpabomixmu.mp4,0.6906523704528809
hpafzeavqo.mp4,0.9822951555252075
hpaydhckpf.mp4,0.9391727447509766
hpbqzowfao.mp4,0.9711496829986572
hpbrsjknez.mp4,0.9600145220756531
hpcgekliru.mp4,0.8586769104003906
hpcivouyku.mp4,0.07960478961467743
hpcnfqzlto.mp4,0.5693371295928955
hpdetbrchg.mp4,0.8845706582069397
hpdlkcnpbf.mp4,0.9590228796005249
hpetjipexz.mp4,0.7767845392227173
hpfrfbheli.mp4,0.9032688736915588
hpftfizsyi.mp4,0.9321608543395996
hpgkeqihrs.mp4,0.8507592082023621
hpgteigvcc.mp4,0.06947287917137146
hpgyfsynif.mp4,0.9767628908157349
hphaokkuxd.mp4,0.27111831307411194
hphxgttbro.mp4,0.9111372232437134
hpibvkqmvh.mp4,0.8348952531814575
hpierzntfi.mp4,0.9064830541610718
hpirlwniwe.mp4,0.7652760148048401
hpjcrnqxyo.mp4,0.808223307132721
hpjecyfqrx.mp4,0.11355370283126831
hpjlsodvji.mp4,0.6770396828651428
hpkvnqbnyt.mp4,0.7859022617340088
hplnnfomzi.mp4,0.9600514769554138
hpmezdkuki.mp4,0.7979385256767273
hpneudadtf.mp4,0.21469831466674805
hpnhftyxnr.mp4,0.1107584685087204
hpnicxbgrn.mp4,0.8639158606529236
hpnkbdrjsz.mp4,0.8287928700447083
hpomliuqdc.mp4,0.9541317820549011
hponjexdhn.mp4,0.5654433369636536
hpoqxrddlx.mp4,0.26458755135536194
hpotsxzxbx.mp4,0.957245409488678
hppeihmuec.mp4,0.9899063110351562
hppiwnhbax.mp4,0.42357465624809265
hppthldonb.mp4,0.750535786151886
hppwmqphfq.mp4,0.9243988990783691
hpqgkultrg.mp4,0.9532769322395325
hpqlwuwerw.mp4,0.8667542934417725
hpqmelyasc.mp4,0.9663172960281372
hprzotbjtj.mp4,0.18308484554290771
hptbcitxji.mp4,0.5885809063911438
hpurahupjh.mp4,0.12492118775844574
hpvoiuirnt.mp4,0.938283383846283
hpvpqejzle.mp4,0.05995786935091019
hpvtmohvma.mp4,0.9280220866203308
hpxikhknts.mp4,0.9614943265914917
hpxkitfcxm.mp4,0.07674575597047806
hpxsnuodkh.mp4,0.8937240242958069
hpypqkybny.mp4,0.9220252633094788
hpzqubfjom.mp4,0.9081056118011475
hpzwxyqpht.mp4,0.9563034772872925
hqacfyyvqa.mp4,0.9089134931564331
hqaogapyog.mp4,0.8982692956924438
hqbcowwydf.mp4,0.2587772011756897
hqbgbuxksq.mp4,0.8893184661865234
hqbwqqwxgl.mp4,0.9053443670272827
hqcdljodok.mp4,0.0660310611128807
hqcgyayuwb.mp4,0.9029403328895569
hqcieyxrgs.mp4,0.5411309003829956
hqcveqsrsb.mp4,0.645629346370697
hqcwnryzvl.mp4,0.6642229557037354
hqdfmlonnd.mp4,0.9366565346717834
hqdpqxvekq.mp4,0.9480896592140198
hqebuosggp.mp4,0.7745929956436157
hqeldyhmpu.mp4,0.844506561756134
hqeseklsdo.mp4,0.673920214176178
hqftstuxzs.mp4,0.2951306104660034
hqfxruqynj.mp4,0.9675594568252563
hqgbifpkry.mp4,0.9252697825431824
hqgervpkkf.mp4,0.14695532619953156
hqgndlnyvu.mp4,0.09143911302089691
hqgoqmozpm.mp4,0.9750118851661682
hqiebmrvou.mp4,0.9595420360565186
hqionfqgsu.mp4,0.9421323537826538
hqixijrrjd.mp4,0.8588650226593018
hqjuvsqmpv.mp4,0.8966113924980164
hqkpapumoa.mp4,0.4453674852848053
hqlfvevxfl.mp4,0.5532928705215454
hqlmhjsbgj.mp4,0.726675808429718
hqmvbuwhwa.mp4,0.07906784862279892
hqnfmvrjlo.mp4,0.9589316844940186
hqnwdzttpm.mp4,0.04153083264827728
hqosycfrjf.mp4,0.8789055347442627
hqpjmwyygq.mp4,0.06474845856428146
hqpntlbcte.mp4,0.9087592363357544
hqpqwfnjwz.mp4,0.3881593942642212
hqqkhnvgtc.mp4,0.2682405114173889
hqqnsbetzv.mp4,0.9314424395561218
hqrrpdijqb.mp4,0.4532095789909363
hqsrildiwm.mp4,0.892705500125885
hqsuovcrlk.mp4,0.9526479244232178
hqtjafdzow.mp4,0.9643332958221436
hqtmojujlv.mp4,0.8798367977142334
hqvchagnjd.mp4,0.8432076573371887
hqvhlivsas.mp4,0.3035869598388672
hqwfxfcohn.mp4,0.9022462368011475
hqwhpdgort.mp4,0.7622292637825012
hqwxwmvopn.mp4,0.9177998900413513
hqxhkfkzyv.mp4,0.8201914429664612
hqxlyxhjin.mp4,0.13945788145065308
hqxniwuzth.mp4,0.971845805644989
hqxtmetifv.mp4,0.8929509520530701
hqzvjivapc.mp4,0.9334785342216492
hraxiiyfvg.mp4,0.9899966716766357
hrbdgunsvk.mp4,0.6734388470649719
hrblxtujgx.mp4,0.14560499787330627
hrbrjdctgm.mp4,0.8181554079055786
hrbwvtjwat.mp4,0.5079320073127747
hrcciawbyh.mp4,0.8792861104011536
hrcfjojxqq.mp4,0.7986243963241577
hrcggrngog.mp4,0.9295316338539124
hrchuhybuy.mp4,0.9504203796386719
hrcmsestby.mp4,0.10293889790773392
hrdezifdym.mp4,0.6805297136306763
hrdlenccwv.mp4,0.9108046293258667
hrepdeiczh.mp4,0.9357340931892395
hrettxkjco.mp4,0.8929230570793152
hrfjbsruvh.mp4,0.865912914276123
hrfkjdtzww.mp4,0.9020153284072876
hrflalczag.mp4,0.08467303961515427
hrfplvcrnp.mp4,0.904213011264801
hrfweylnua.mp4,0.858815610408783
hrhxpqjpui.mp4,0.9382742047309875
hrhzoupjzq.mp4,0.9150475263595581
hrigwyzdtm.mp4,0.9362204074859619
hrilefvfga.mp4,0.1490943431854248
hrimlwvzjd.mp4,0.9127562046051025
hriultflyg.mp4,0.09742268174886703
hrizczebyb.mp4,0.9438685178756714
hrjaahazzq.mp4,0.7754381895065308
hrjiflwsrx.mp4,0.9431828856468201
hrjkgzpcgc.mp4,0.8626824617385864
hrjphyuizh.mp4,0.4252508580684662
hrkgvxumkl.mp4,0.9088236093521118
hrkikllkqt.mp4,0.8871712684631348
hrkrdfhmdr.mp4,0.2663232982158661
hrkvhduqqm.mp4,0.6104782819747925
hrkwsnfbfp.mp4,0.8968319296836853
hrlrtaouty.mp4,0.9335735440254211
hrlshhoiko.mp4,0.9411574006080627
hrlttulqpm.mp4,0.9849146604537964
hrmqefifhs.mp4,0.18717540800571442
hrncvumttq.mp4,0.9191948771476746
hrnrjdfoqh.mp4,0.21078833937644958
hrofeelxvp.mp4,0.9437988996505737
hroqcpapmy.mp4,0.2853664457798004
hrotywgvnz.mp4,0.8404431939125061
hrpdutntqq.mp4,0.956604540348053
hrpffqsxiv.mp4,0.8513088226318359
hrqqeibfnm.mp4,0.9509807229042053
hrrrvetfgu.mp4,0.679118275642395
hrrwofyxnz.mp4,0.34847378730773926
hrsdmqnrgy.mp4,0.9728502631187439
hrsiwoxehy.mp4,0.9050508141517639
hrthfgffnf.mp4,0.8673926591873169
hrtmclnwyq.mp4,0.16552132368087769
hrtmnxmadf.mp4,0.2810867428779602
hrtvdjgrqc.mp4,0.9663322567939758
hrtyepnllz.mp4,0.463224858045578
hrucxshlym.mp4,0.8822774887084961
hrumbmmwuf.mp4,0.2334054857492447
hrviseedju.mp4,0.8921625018119812
hrvliizvgg.mp4,0.9227827787399292
hrvqywpiev.mp4,0.9392666816711426
hrvsdlljgn.mp4,0.9786078929901123
hrvyuyjwuv.mp4,0.8650335669517517
hrxijsbgns.mp4,0.9882068037986755
hrxqwqdrfd.mp4,0.584895133972168
hrxximpcnf.mp4,0.966707706451416
hrydrvbapt.mp4,0.9149960279464722
hryhqvkupl.mp4,0.9458121061325073
hrzdrybpdy.mp4,0.9110391736030579
hrznynemfj.mp4,0.06007995828986168
hrzskpirud.mp4,0.9122663736343384
hsaafwdtoj.mp4,0.032165348529815674
hsazdtrvux.mp4,0.8936502933502197
hsbmlcuxyx.mp4,0.8823286890983582
hscinccfcp.mp4,0.8459036350250244
hsdyfidrxi.mp4,0.9517674446105957
hselhjjdwg.mp4,0.9227123856544495
hsfbyxbkmn.mp4,0.1341840773820877
hsfchihmld.mp4,0.8954967856407166
hsfkitehzn.mp4,0.932617723941803
hsfrlqoezc.mp4,0.9256712794303894
hsgmhqmqpn.mp4,0.9120794534683228
hshapbcail.mp4,0.15013083815574646
hshlhtycxr.mp4,0.9685969948768616
hsholijlwo.mp4,0.8744478225708008
hsibptqojw.mp4,0.05447086691856384
hsivixcmnn.mp4,0.8731049299240112
hsiwbtszfc.mp4,0.07163470983505249
hsjukoflzf.mp4,0.4438643157482147
hsjzcuaors.mp4,0.980414092540741
hskevjjlzp.mp4,0.9090462923049927
hskxjddedq.mp4,0.9725741147994995
hskzjifsqo.mp4,0.6331630349159241
hsmggsiwax.mp4,0.7251302599906921
hsnbqojgis.mp4,0.95880526304245
hsnyaujcts.mp4,0.9427770376205444
hsoybkvkrv.mp4,0.9341331720352173
hsqdhntniv.mp4,0.9364727735519409
hsrjpbooab.mp4,0.11293105781078339
hsrmbntnjw.mp4,0.9180038571357727
hsrvahwnuw.mp4,0.5821321606636047
hsrvqfoaoy.mp4,0.722301185131073
hssbxyyudp.mp4,0.7933593392372131
hstvglyexy.mp4,0.8160378336906433
hsubmoizkf.mp4,0.05105714872479439
hsunnwljgf.mp4,0.07183569669723511
hsvjituyll.mp4,0.02878514863550663
hsxhkffniw.mp4,0.93052077293396
hsyvnjesxg.mp4,0.03341406583786011
hszitlusxg.mp4,0.1063605323433876
hszxdjvyva.mp4,0.2814951241016388
hszyxcktnw.mp4,0.8474245667457581
htajkoiyrr.mp4,0.06015170365571976
htawfkucux.mp4,0.9408053159713745
htcergdpsj.mp4,0.7940929532051086
htdbgatkbk.mp4,0.6678377389907837
htdbovnnfa.mp4,0.7065423130989075
htdkbuepzw.mp4,0.9764562249183655
htdxbghbeg.mp4,0.9581307172775269
htecfndsrs.mp4,0.8711676597595215
htekfrsraw.mp4,0.9134305119514465
hteouiubpz.mp4,0.9556138515472412
htexdzffsg.mp4,0.9475919604301453
htfcxeytvn.mp4,0.8887355923652649
hthvckddty.mp4,0.9350529313087463
htigwwgwkf.mp4,0.4320559799671173
htiihimjnm.mp4,0.9481418132781982
htiiwicntu.mp4,0.12583935260772705
htixfnxfgt.mp4,0.8745632767677307
htkelwcies.mp4,0.9470198154449463
htkszkediw.mp4,0.07233775407075882
htlcviofbb.mp4,0.9058941602706909
htlytxvrxf.mp4,0.9585142731666565
htmmpihuxm.mp4,0.8498478531837463
htofmqfrjk.mp4,0.9625653624534607
htogozkrax.mp4,0.8807789087295532
htohhxlfnl.mp4,0.9357621669769287
htoothlges.mp4,0.9095205068588257
htoyvdszos.mp4,0.9231269955635071
htpazaviko.mp4,0.8126082420349121
htpynjivdq.mp4,0.6196488738059998
htqfkjzpuv.mp4,0.9423457384109497
htqfzcytzu.mp4,0.8887302875518799
htqhzfwsmb.mp4,0.17046760022640228
htqvbtsnrv.mp4,0.7002609968185425
htrmbppvvr.mp4,0.8940707445144653
htrwxzllri.mp4,0.8831892013549805
htsviqkpig.mp4,0.8511487245559692
htuvyvkovk.mp4,0.9066506624221802
htuxozplwj.mp4,0.18852336704730988
htvbzxbpmd.mp4,0.9485939741134644
htwkhbxggy.mp4,0.06600780785083771
htwrdfuipf.mp4,0.9546642899513245
htxrveybse.mp4,0.9230364561080933
htyilrgshp.mp4,0.8765539526939392
htyzbxdetd.mp4,0.7813341021537781
htztzgkfzv.mp4,0.3316691517829895
hubqivdhne.mp4,0.9277910590171814
hubuiiwdtn.mp4,0.9492525458335876
hucmdlcmdg.mp4,0.6138908863067627
huecqgjncq.mp4,0.9050890803337097
hueziwjubp.mp4,0.8568940162658691
hufloxjssp.mp4,0.9683610200881958
hufywdzltd.mp4,0.6826577186584473
hugbzjpphk.mp4,0.919929027557373
hugopxwqks.mp4,0.8579582571983337
huhwegsrhh.mp4,0.49408164620399475
huhxclvymi.mp4,0.7507812976837158
huhxwuihzm.mp4,0.9230460524559021
huiqdkxjuu.mp4,0.5613579750061035
huirsgmbxy.mp4,0.8309028148651123
hujddswvon.mp4,0.8521477580070496
hujmromlkd.mp4,0.9892038702964783
hujqhjtxub.mp4,0.11356320232152939
hukhzzntwr.mp4,0.9513668417930603
hukttnllxr.mp4,0.8170004487037659
hulfidzhmi.mp4,0.9373524188995361
hunpbscjol.mp4,0.8778758645057678
huntakrfzp.mp4,0.907693088054657
huoaqoftqs.mp4,0.6629444360733032
huontkxnwo.mp4,0.11846977472305298
huoueercpo.mp4,0.6314677000045776
huouxztjql.mp4,0.9638270139694214
huqivatfln.mp4,0.9847116470336914
hurlxdpsxl.mp4,0.9188087582588196
hurylpugkq.mp4,0.8852030634880066
husskehtel.mp4,0.20832866430282593
huucvrfcfm.mp4,0.6198692321777344
huuebfmqec.mp4,0.8804122805595398
huvdiotphl.mp4,0.9605627655982971
huvgomcylt.mp4,0.9197404384613037
huvmpblgyw.mp4,0.9158530235290527
huwetbwqtr.mp4,0.7433376312255859
huyikpryex.mp4,0.9135193824768066
huyniwuhqe.mp4,0.9756061434745789
huzaqiagsc.mp4,0.933516263961792
huzpmegfxj.mp4,0.9475675821304321
huzryvwrfa.mp4,0.24875755608081818
hvajujwuez.mp4,0.9551787376403809
hvalvoklqf.mp4,0.9236506819725037
hvayvsrcxg.mp4,0.7867221832275391
hvbbizddfc.mp4,0.10141503065824509
hvbfbdqdin.mp4,0.24967239797115326
hvcxqgiwfe.mp4,0.9275493025779724
hvddxkjpgm.mp4,0.8534973859786987
hvdftuozuk.mp4,0.8847323060035706
hvdkiikndg.mp4,0.22199679911136627
hvefzshjxl.mp4,0.9256404638290405
hvfgnmjmvl.mp4,0.09177715331315994
hvgokdtdla.mp4,0.9099942445755005
hvhduzbzjw.mp4,0.9249956011772156
hvhrlowtzh.mp4,0.9381927251815796
hvizpibrvb.mp4,0.07713586091995239
hvkcuhyedq.mp4,0.9244834184646606
hvkuzvtulc.mp4,0.8210706114768982
hvkwnouqnx.mp4,0.8907848596572876
hvkwqeaczn.mp4,0.48216503858566284
hvlgjwfnrp.mp4,0.06806688010692596
hvmllpuucc.mp4,0.913428783416748
hvnzdsvkpa.mp4,0.6249347925186157
hvopzymymu.mp4,0.13766638934612274
hvqfyaxyfj.mp4,0.7853617668151855
hvqmkyrggf.mp4,0.09640004485845566
hvrbzohjij.mp4,0.9669672250747681
hvrogfypmt.mp4,0.9438654780387878
hvrqacacno.mp4,0.7569679021835327
hvshaelzle.mp4,0.9611772894859314
hvshykjvwt.mp4,0.0566239133477211
hvsoudzqfb.mp4,0.9541158080101013
hvtsyiuvcn.mp4,0.96124267578125
hvtwtohuor.mp4,0.9508360028266907
hvuxhtdbqf.mp4,0.6433225870132446
hvvemhbopa.mp4,0.9449175596237183
hvvohsysmz.mp4,0.9179202318191528
hvxjjbvcwj.mp4,0.6704213619232178
hvxlokkbzn.mp4,0.05916669964790344
hvxmvczeqx.mp4,0.9516567587852478
hvxrsfgvyi.mp4,0.5412294268608093
hvyhhgtkpb.mp4,0.9081514477729797
hvywucdzbt.mp4,0.9225761890411377
hvzboteugl.mp4,0.9545381665229797
hvzbxqeisd.mp4,0.9366609454154968
hvznknkjvq.mp4,0.5441615581512451
hvzoeiqyqe.mp4,0.7962677478790283
hwafeitigg.mp4,0.2611388862133026
hwapuqrvfb.mp4,0.9200775027275085
hwaslzerct.mp4,0.9323244690895081
hwbnnzmcos.mp4,0.5473405718803406
hwckmbvupn.mp4,0.8946494460105896
hwcpjaebpn.mp4,0.8842531442642212
hwdlruplpx.mp4,0.07545814663171768
hwepjtfgdu.mp4,0.8902227878570557
hwfnbfscmk.mp4,0.7318401336669922
hwgbkoswda.mp4,0.9103565812110901
hwgdtucbck.mp4,0.36735811829566956
hwgvcwpzod.mp4,0.2043784260749817
hwgyszfbcc.mp4,0.914973795413971
hwhqtnxdsd.mp4,0.07765711843967438
hwixlpyhpe.mp4,0.9243844151496887
hwjkdmwrce.mp4,0.7885659337043762
hwjkxkreht.mp4,0.7672556042671204
hwjlcdwuyq.mp4,0.09250316023826599
hwjqfepxmx.mp4,0.14293207228183746
hwjyutuyee.mp4,0.31195777654647827
hwkcwhwgix.mp4,0.9110115766525269
hwkplisvwe.mp4,0.24517883360385895
hwlwjbtrzq.mp4,0.921459972858429
hwmbdrmueb.mp4,0.9321761727333069
hwmwyhtoqf.mp4,0.8510425090789795
hwmybqyceh.mp4,0.8673301339149475
hwnavovbnf.mp4,0.8362439870834351
hwnmkmvzfo.mp4,0.8294677138328552
hwoxyvspab.mp4,0.9055914282798767
hwpkcfgqbk.mp4,0.4448726177215576
hwqmdqroas.mp4,0.9507490396499634
hwrgbbswlw.mp4,0.923632800579071
hwsgjnslze.mp4,0.8818948864936829
hwsneitzms.mp4,0.14587262272834778
hwspklkjol.mp4,0.8300727605819702
hwsqxlbtgc.mp4,0.045623764395713806
hwssfxdbbv.mp4,0.8655299544334412
hwszxmhues.mp4,0.5034131407737732
hwtjiitwwe.mp4,0.14638899266719818
hwtnalvalq.mp4,0.9164316058158875
hwtnwtczts.mp4,0.9701776504516602
hwtrzrxkyg.mp4,0.7376554012298584
hwuavdwztw.mp4,0.5597853064537048
hwufwjdaai.mp4,0.8710371851921082
hwuksjmpvu.mp4,0.8976482152938843
hwupzqblgo.mp4,0.9379940032958984
hwuxekhvmb.mp4,0.5677192807197571
hwweeeqkll.mp4,0.9260587692260742
hwwirlqjuh.mp4,0.5239721536636353
hwwmhwkdhb.mp4,0.4573536515235901
hwwmwwteag.mp4,0.9395144581794739
hwxamzrdaw.mp4,0.06784407794475555
hwyguzgmzq.mp4,0.9141683578491211
hwypebukel.mp4,0.7617523670196533
hwyuwbnszo.mp4,0.9186342358589172
hwyvbtuvoe.mp4,0.46686694025993347
hxadmqihjf.mp4,0.9540041089057922
hxahnhbnrz.mp4,0.06484482437372208
hxamrqjjwm.mp4,0.0775272324681282
hxbklovyme.mp4,0.9688888192176819
hxbtxphmom.mp4,0.8999648094177246
hxcejljpta.mp4,0.9441785216331482
hxddpnvklf.mp4,0.889045000076294
hxdktprbdm.mp4,0.682256817817688
hxfbxeudpd.mp4,0.42763933539390564
hxfqltenqh.mp4,0.13770973682403564
hxfyzpnwgd.mp4,0.6633163094520569
hxgcefsums.mp4,0.30293282866477966
hxgmozlftr.mp4,0.9293466806411743
hxgqkqtcwy.mp4,0.5937443971633911
hxhqqdtdeg.mp4,0.7378102540969849
hxijwdmltd.mp4,0.7471939325332642
hxipakgdqj.mp4,0.6605590581893921
hxixbghgxj.mp4,0.7566843628883362
hxjwywtwmb.mp4,0.9854103326797485
hxkewzrwjo.mp4,0.9461259841918945
hxmwbpwwlv.mp4,0.16453075408935547
hxnvptlgcu.mp4,0.9469230771064758
hxofsiydpl.mp4,0.9360933303833008
hxorjqfecw.mp4,0.1706000119447708
hxpkxzoseq.mp4,0.9464823603630066
hxqzlyumcg.mp4,0.7688114643096924
hxrckqklrs.mp4,0.8845825791358948
hxrduudydx.mp4,0.8587091565132141
hxrlyivxvh.mp4,0.8791651129722595
hxrruqinnh.mp4,0.8316836357116699
hxrzxtizic.mp4,0.7765827775001526
hxtnpcdaum.mp4,0.8557590246200562
hxuijnzfvw.mp4,0.667651355266571
hxutvmudyl.mp4,0.7713643908500671
hxvqvnqwwb.mp4,0.9288464188575745
hxwzblwhdi.mp4,0.5321478843688965
hxxcsuzjqx.mp4,0.9878756403923035
hxxjoiyqqv.mp4,0.13086414337158203
hxyhoufgrm.mp4,0.8174846768379211
hxywvspdgi.mp4,0.8850072026252747
hxzczdbibf.mp4,0.1110980361700058
hxzftbkedt.mp4,0.9864630103111267
hxzhvrhlfs.mp4,0.18663389980793
hyaabcnwum.mp4,0.9576189517974854
hyacxfznfc.mp4,0.9339781999588013
hyaicsqrnu.mp4,0.9295251965522766
hyalywahqn.mp4,0.9116905331611633
hyamgqummb.mp4,0.8387594819068909
hyaoeiownm.mp4,0.9166543483734131
hybbdegxvk.mp4,0.9049479961395264
hybjfytvwo.mp4,0.14461009204387665
hybocopfwt.mp4,0.08521860092878342
hycvcywqid.mp4,0.9515222907066345
hydytyakzr.mp4,0.9220592975616455
hyefliglvt.mp4,0.9657772183418274
hyeotskpuk.mp4,0.9328868389129639
hyesgtzimm.mp4,0.9147441387176514
hyfazmeacv.mp4,0.3627769947052002
hygximjjnw.mp4,0.9306548237800598
hyheeyffxt.mp4,0.825857937335968
hyihnzrlex.mp4,0.7996468544006348
hyiigyjbmd.mp4,0.5966627597808838
hyizhsdahl.mp4,0.05499907210469246
hyjbsteleq.mp4,0.9739581942558289
hykhlwchzt.mp4,0.7119446992874146
hykoiqkbcv.mp4,0.18761880695819855
hykupxvaxj.mp4,0.964531660079956
hykwehvlji.mp4,0.9267032742500305
hylhabqxpy.mp4,0.059680450707674026
hylimfhykk.mp4,0.9222785830497742
hylmyxkwlh.mp4,0.861843466758728
hylvpzoqpn.mp4,0.6479438543319702
hylzxlfyus.mp4,0.1725640594959259
hymwuaomiw.mp4,0.2708040177822113
hynagulpwz.mp4,0.9360412955284119
hyqhqaosfl.mp4,0.10513179749250412
hyqnbsrinc.mp4,0.7863044142723083
hyqomxgzrg.mp4,0.955276370048523
hyqpaqnmpv.mp4,0.9609030485153198
hyqxxshotc.mp4,0.05879901722073555
hyrfzhhgre.mp4,0.633960485458374
hyrhddtayk.mp4,0.07849589735269547
hyrufbafyc.mp4,0.8828859329223633
hyrugmqhbc.mp4,0.3696807026863098
hysmzkqsdl.mp4,0.061903536319732666
hytcfohlkv.mp4,0.36550989747047424
hytdcdixlv.mp4,0.9361015558242798
hytkciqjko.mp4,0.2977909445762634
hytzleqzdw.mp4,0.8878215551376343
hyukhkwhtn.mp4,0.7074270248413086
hyvdtasvvc.mp4,0.9059171080589294
hyxbgxnsvz.mp4,0.10212257504463196
hyxfugmowu.mp4,0.7616062760353088
hyxwqqhbtb.mp4,0.5449398756027222
hyylxcyelg.mp4,0.04318607598543167
hyzoxkmcdr.mp4,0.9135574698448181
hzacynzkcu.mp4,0.884436845779419
hzblrhnitq.mp4,0.2837330102920532
hzbuabrbvf.mp4,0.2042846381664276
hzbydejarq.mp4,0.8291741013526917
hzddssvylu.mp4,0.9425663352012634
hzdkasgymo.mp4,0.8634055852890015
hzeqgckwyg.mp4,0.8386020660400391
hzessrlmik.mp4,0.21721100807189941
hzfymkaibp.mp4,0.655173122882843
hzgtrzyuld.mp4,0.9802581071853638
hzhpfomgqf.mp4,0.6540848612785339
hzhpkfynsu.mp4,0.842357873916626
hzhqjbrmui.mp4,0.8998124599456787
hzhqwtkwwq.mp4,0.9147418737411499
hzhuilctfp.mp4,0.7533313632011414
hzhwgieazk.mp4,0.969348132610321
hzicugvreh.mp4,0.687822163105011
hzinugqapj.mp4,0.7651394605636597
hzizltbggv.mp4,0.8710980415344238
hzjmslmkue.mp4,0.9026559591293335
hzjoljnatn.mp4,0.6787338256835938
hzjunvkstz.mp4,0.9455792307853699
hzkpyvitkj.mp4,0.9731603860855103
hzkxlsfxbk.mp4,0.03224746882915497
hzlitwzkhf.mp4,0.7385253310203552
hzmellkdvz.mp4,0.9058729410171509
hzmhezkxsf.mp4,0.8551818132400513
hznaljgdzc.mp4,0.11895903944969177
hznmrjbckp.mp4,0.8866750001907349
hznsgfmfvj.mp4,0.8462978601455688
hzogjayovj.mp4,0.09378255903720856
hzohyyrfdj.mp4,0.9647505879402161
hzoyngiaoz.mp4,0.5464090704917908
hzpezehigs.mp4,0.7130407094955444
hzpjegobrw.mp4,0.9656521081924438
hzrlcndrek.mp4,0.5110846161842346
hzsparxotj.mp4,0.9249667525291443
hzssesksot.mp4,0.4536469876766205
hzuyakazoo.mp4,0.2427770048379898
hzvfnkeuhu.mp4,0.9394341111183167
hzvsjhvepm.mp4,0.7755663394927979
hzvtmmdbpv.mp4,0.21657098829746246
hzwhewelss.mp4,0.9503538608551025
hzxwksyuxx.mp4,0.9086156487464905
hzxzeuuwac.mp4,0.44362717866897583
iaaecuquha.mp4,0.42654454708099365
iaasdaamvq.mp4,0.9726318717002869
iaawixugwg.mp4,0.7596209645271301
iabrckrzzb.mp4,0.8606373071670532
iackjaqvnz.mp4,0.9280961155891418
iadglutuip.mp4,0.9442830681800842
iadhtmfonc.mp4,0.837740957736969
iaeoilngdv.mp4,0.8292559385299683
iaephhhsbp.mp4,0.18750892579555511
iaffxzbsat.mp4,0.07226523756980896
iafpekejto.mp4,0.2940608859062195
iaggyguueu.mp4,0.4217980206012726
iagsuyrhfv.mp4,0.9827203750610352
iagtuzbrax.mp4,0.8743728399276733
iahqztseln.mp4,0.2796127200126648
iahumkrqom.mp4,0.9226325750350952
iahzcxmuck.mp4,0.1665474772453308
iaiyrdizoh.mp4,0.6893459558486938
iajblozgtx.mp4,0.8938831686973572
iakkfkedts.mp4,0.05816428363323212
iaklhigjuj.mp4,0.9364432692527771
iaknaxuuhv.mp4,0.9635968208312988
iakovzidoj.mp4,0.47787711024284363
iakzgqqova.mp4,0.22565677762031555
ialahsnskn.mp4,0.5078456401824951
ialifkmkeh.mp4,0.6350495219230652
ianegceftx.mp4,0.6389250755310059
ianhunltdj.mp4,0.9460381269454956
ianyazeqng.mp4,0.813305675983429
iaocprcxtx.mp4,0.800464928150177
iapkqojtfb.mp4,0.9090558886528015
iapmgvknfw.mp4,0.8971657752990723
iapyznpzgw.mp4,0.31630033254623413
iaqjkrucsa.mp4,0.9177490472793579
iargdxuhac.mp4,0.2507082521915436
iarhtpfnbt.mp4,0.8206502199172974
iarkkhmyta.mp4,0.07842794060707092
iarowhjwvl.mp4,0.10745157301425934
iaroxkofsz.mp4,0.9713683128356934
iasfjbowcb.mp4,0.32190853357315063
iasfksuaeb.mp4,0.9506105780601501
iasqxzcofm.mp4,0.9896497130393982
iatevqworc.mp4,0.9009929895401001
iathiiapiz.mp4,0.9894237518310547
iauytvnhuf.mp4,0.7302242517471313
iavkdhtxku.mp4,0.9339395761489868
iavrplwusj.mp4,0.5949183702468872
iaxpznfgmx.mp4,0.9483689665794373
iayalzmyvk.mp4,0.7132554650306702
iazfgosbgc.mp4,0.8672165870666504
iazktilafz.mp4,0.8867941498756409
ibbcanpfpz.mp4,0.6111006736755371
ibcoeemozu.mp4,0.1043529361486435
ibcqtraqym.mp4,0.9896152019500732
ibcrkohdrk.mp4,0.9233264923095703
ibcwqvjymz.mp4,0.8705305457115173
ibcxjvamtn.mp4,0.7886478900909424
ibdaotbwap.mp4,0.9015401601791382
ibdcakioxs.mp4,0.9008324146270752
ibdjhlazgn.mp4,0.07867985963821411
ibdnlvrnvu.mp4,0.8562968969345093
ibebxwclro.mp4,0.06758547574281693
ibeqsemwnq.mp4,0.9773533940315247
ibgmhjenxr.mp4,0.4399092197418213
ibgocbdxva.mp4,0.9563323855400085
ibgylexamz.mp4,0.22437752783298492
ibhfdqywst.mp4,0.9606804847717285
ibhhifhsba.mp4,0.9694415330886841
ibhodehdzb.mp4,0.8843178153038025
ibhrbcboav.mp4,0.5935670733451843
ibjkcuwfby.mp4,0.5880352258682251
ibjkzbpqhd.mp4,0.9791461825370789
ibjnrzfngk.mp4,0.9065658450126648
ibjqcwchjo.mp4,0.9043288826942444
ibjwnqjulv.mp4,0.1491265445947647
ibkcnqqixc.mp4,0.06625080108642578
ibketgjuop.mp4,0.9225587844848633
ibksoedegv.mp4,0.09227271378040314
iblfjaagwo.mp4,0.9190768003463745
iblofvipyk.mp4,0.9584119915962219
iblqxqdpfr.mp4,0.8469952940940857
iblrdnkcny.mp4,0.12915456295013428
iboqzcaknp.mp4,0.0861838161945343
iboykxeyiq.mp4,0.7783961296081543
ibpkhvbton.mp4,0.7988802194595337
ibpmaawlyo.mp4,0.9490294456481934
ibqoxklbrh.mp4,0.10482282936573029
ibrdkgckhc.mp4,0.09916172921657562
ibryrelmff.mp4,0.8815914392471313
ibsjfqtooa.mp4,0.9439244270324707
ibtbfelplt.mp4,0.9310537576675415
ibumwtxpsd.mp4,0.9628893136978149
ibusijathj.mp4,0.17890842258930206
ibvgqmxwiz.mp4,0.7557922601699829
ibvouhuzak.mp4,0.05239851400256157
ibvyapyort.mp4,0.08489594608545303
ibwpmofvsr.mp4,0.12702374160289764
ibwttyoraj.mp4,0.6819978356361389
ibxaeqkkkf.mp4,0.5868601202964783
ibxesqtwof.mp4,0.15068265795707703
ibxjbinwhk.mp4,0.06570569425821304
ibxmhkmxpx.mp4,0.8346832990646362
ibxroxfckg.mp4,0.9724642634391785
ibxyizjjut.mp4,0.1028251126408577
ibxzhlqijg.mp4,0.9113317131996155
ibylnpjwsj.mp4,0.501173734664917
ibyvsdbywn.mp4,0.43902716040611267
ibzgacltls.mp4,0.9716275930404663
ibzihaeowg.mp4,0.8730039596557617
icbggbmffh.mp4,0.9073903560638428
icbzbcwlgf.mp4,0.05595804750919342
icctbkjedq.mp4,0.9025740623474121
icdmwvicft.mp4,0.8154934644699097
icdpbucptd.mp4,0.1542852520942688
icdurrnilp.mp4,0.15048746764659882
icdzrrflaj.mp4,0.4198578894138336
icexgxjsbx.mp4,0.9353954792022705
icfgdgdzzu.mp4,0.8526960611343384
icfhrsjvcf.mp4,0.7016931176185608
icflgdqzzp.mp4,0.7802656888961792
icfyibcstp.mp4,0.9124744534492493
icgapcxria.mp4,0.8878005743026733
icgiegvinq.mp4,0.9307152628898621
icgrbktjov.mp4,0.8623433113098145
icgwvijfsj.mp4,0.8665492534637451
ichbahfgrd.mp4,0.9054630398750305
ichbbqrzzf.mp4,0.9124447703361511
icihmyxnps.mp4,0.8849272727966309
iciucnxpfs.mp4,0.936371386051178
iciwnqedvi.mp4,0.9472569227218628
icjdgqaegf.mp4,0.6385162472724915
icjguyixom.mp4,0.8688665628433228
ickaowvree.mp4,0.9707787036895752
ickokxqfnq.mp4,0.9394185543060303
icleltrgvr.mp4,0.8611352443695068
icletkvmhy.mp4,0.5558968186378479
iclvcqwdte.mp4,0.9680389761924744
icnsjvyovf.mp4,0.9779574275016785
icnxlpkqck.mp4,0.9322675466537476
icogfaodkh.mp4,0.6993988752365112
icoqtpzktv.mp4,0.8483937382698059
icovknaajw.mp4,0.9690631031990051
icpriujqbv.mp4,0.06444744020700455
icqmqztbry.mp4,0.1065208688378334
icqveacfdo.mp4,0.9163996577262878
icqvlexdsf.mp4,0.0917077586054802
icrgmcvxwy.mp4,0.8866655230522156
icrvorrnel.mp4,0.8840180039405823
icsdvfdvix.mp4,0.7576133012771606
icsyoswwvq.mp4,0.5993117094039917
ictiftibcz.mp4,0.908578634262085
ictrscipdx.mp4,0.9080877900123596
ictsrbvpyw.mp4,0.10196931660175323
ictulnhznj.mp4,0.8644046783447266
icuolbvyqu.mp4,0.9019913673400879
icwciqzrid.mp4,0.9506563544273376
icwqxqfmqt.mp4,0.8418371081352234
icwvmmmlpy.mp4,0.5677490830421448
icwzexprfv.mp4,0.8857212662696838
icxhnmftoq.mp4,0.9578455090522766
icxllszfib.mp4,0.9167682528495789
icynhabozg.mp4,0.790767252445221
icyttnhbcb.mp4,0.48576757311820984
iczglouguh.mp4,0.2041654884815216
icziwndesh.mp4,0.9612571001052856
iczlgqaqpg.mp4,0.5912337303161621
idarvroilu.mp4,0.9606654047966003
idawtjiblc.mp4,0.8128764033317566
idbhrszccl.mp4,0.7517733573913574
idblbloesr.mp4,0.8578727841377258
idbrvettfr.mp4,0.9063957929611206
idbvfynrkg.mp4,0.9469438791275024
idbyqyjxer.mp4,0.9509074687957764
idclldpxxv.mp4,0.9703615307807922
idcxezkhbt.mp4,0.7015466094017029
idczrxmicy.mp4,0.896438479423523
iddcpvsvnq.mp4,0.7492831349372864
iddusvxjjk.mp4,0.9004348516464233
ideirgtvwo.mp4,0.9182872176170349
idelcgqdok.mp4,0.8362456560134888
idffgkfuuu.mp4,0.8232365846633911
idgviegmai.mp4,0.9546259641647339
idhbtlqlax.mp4,0.6332128643989563
idhqpwmptv.mp4,0.7282754778862
idhucumgad.mp4,0.9278467297554016
idhxsxrljg.mp4,0.6525342464447021
idifdkemcz.mp4,0.40306469798088074
idjaubvnms.mp4,0.6444041728973389
idkctowzoy.mp4,0.9224322438240051
idkhtendeo.mp4,0.9490551948547363
idklchvhxp.mp4,0.05585838854312897
idklujzcjs.mp4,0.17741593718528748
idkypjamom.mp4,0.08804422616958618
idmpttjjmt.mp4,0.9319338798522949
idnbymuzkb.mp4,0.9425608515739441
idndashdrs.mp4,0.888448178768158
idnrnqaocs.mp4,0.8012542128562927
idpnmsyoio.mp4,0.884075403213501
idpqahuphg.mp4,0.8789045214653015
idpryxethg.mp4,0.8851754069328308
idpyzjmfvr.mp4,0.9579213261604309
idqfpxmkbz.mp4,0.9309870004653931
idqgctgfgm.mp4,0.8678637146949768
idqmbfhtod.mp4,0.8829375505447388
idrfcnqkmy.mp4,0.9323749542236328
idrywygpod.mp4,0.910777747631073
idsrgxzhuj.mp4,0.8796188831329346
idswtwyaat.mp4,0.09262390434741974
idtfzwduqc.mp4,0.15206986665725708
idthtttdin.mp4,0.9056747555732727
idtjidropp.mp4,0.9451228380203247
idumxqtpaq.mp4,0.9558475613594055
idvckqxhku.mp4,0.8577519655227661
idvupxipcj.mp4,0.23941311240196228
idwhtnofel.mp4,0.09927843511104584
idwymigirr.mp4,0.9422430992126465
idwzwpxlhh.mp4,0.78014075756073
idxzijbhuc.mp4,0.9367753863334656
idyaoorqlq.mp4,0.11911097913980484
idyeuzauml.mp4,0.7758586406707764
idymraczvi.mp4,0.9633195996284485
idytgtwoyw.mp4,0.961242139339447
idznoeuphj.mp4,0.9880498051643372
ieahdkebjr.mp4,0.8781955242156982
ieahgrikbf.mp4,0.9554247260093689
ieammjzuzr.mp4,0.9255130887031555
ieazyslhjp.mp4,0.6880777478218079
ieblmcegmk.mp4,0.8776790499687195
iebmggvffj.mp4,0.9230415225028992
iedayonitd.mp4,0.6855876445770264
iedoxqgjib.mp4,0.9069417119026184
ieespskvba.mp4,0.8973438143730164
ieetcpdorf.mp4,0.9177756309509277
iefejwjgxv.mp4,0.889156699180603
ieffklubvw.mp4,0.9798593521118164
iefmojjwhd.mp4,0.04327782616019249
iefyuoxhji.mp4,0.048374567180871964
iegajauwmj.mp4,0.9506202340126038
ieghrgrzcg.mp4,0.9329320788383484
iegunvihwt.mp4,0.3701414465904236
ieijedcdgu.mp4,0.8271865248680115
ieiyrvycnc.mp4,0.5980451703071594
iejsjlmsbf.mp4,0.8012839555740356
iejtesnfvm.mp4,0.9089815616607666
iekjkjksds.mp4,0.8421661853790283
iekkobafvz.mp4,0.4942890703678131
iekpcgggfb.mp4,0.9742653965950012
ieljnverzu.mp4,0.9335737228393555
iellyzphms.mp4,0.8912163972854614
ielpecwrvy.mp4,0.9047576189041138
iencorrqjy.mp4,0.2082984745502472
ieniyhcxoj.mp4,0.5489552021026611
ienzfrlnku.mp4,0.15766765177249908
ieoardezfz.mp4,0.9374836087226868
ieoervpooz.mp4,0.05841983109712601
ieojkfxvfb.mp4,0.924145519733429
iepfpszzex.mp4,0.3518373370170593
iepiicsldm.mp4,0.7530463933944702
ieplvzbyvl.mp4,0.8611559867858887
ieqilqdtny.mp4,0.9407190084457397
ieqqabcgry.mp4,0.8156288266181946
ieqrzhbkfi.mp4,0.6811625361442566
ieqsmnbncd.mp4,0.9784415364265442
ieqtuasijl.mp4,0.26429229974746704
ieqvxyxqaf.mp4,0.9632931351661682
ierdtqxaqx.mp4,0.9519829154014587
ierqhmpksk.mp4,0.9163467884063721
ierqmjhgkw.mp4,0.8816502094268799
iesftahqon.mp4,0.8527718186378479
iesgtcmomr.mp4,0.8894272446632385
iesqelxvxo.mp4,0.8321081399917603
ietaguzsww.mp4,0.15182161331176758
ietmndyxyc.mp4,0.8007398247718811
ieushlhwpk.mp4,0.9235613942146301
ievevzdypl.mp4,0.5643869042396545
ievjqsivjx.mp4,0.11396729201078415
iewanjcqyo.mp4,0.9401546120643616
iewggzdtmd.mp4,0.06378494203090668
iewhuybkzt.mp4,0.9750766158103943
iewlnbyxcr.mp4,0.8527674674987793
iewnksavpn.mp4,0.920201301574707
iewubyuawz.mp4,0.9583551287651062
ieyaeossbx.mp4,0.9239692091941833
ieybduadtn.mp4,0.96100914478302
ieysmiicva.mp4,0.8743847012519836
ifbftteujv.mp4,0.06242683157324791
ifbmgslpux.mp4,0.8449878096580505
ifbnqnateq.mp4,0.9104966521263123
ifcvgledqx.mp4,0.8625194430351257
ifdiyylyow.mp4,0.8396125435829163
ifdpnvioqy.mp4,0.922576367855072
ifdrempraq.mp4,0.7158933281898499
ifdxdslmat.mp4,0.08875288814306259
ifdycojmja.mp4,0.054656002670526505
ifdzmbmabw.mp4,0.9725157022476196
ifeiovrcyz.mp4,0.13778099417686462
ifetxjrqft.mp4,0.9058037996292114
iffowzafje.mp4,0.961397111415863
ifggshtynd.mp4,0.9835320711135864
ifhkiyyjtc.mp4,0.9016805291175842
ifhlmoycii.mp4,0.8273923397064209
ifiabzpicn.mp4,0.6910743713378906
ifiidnukqv.mp4,0.49698811769485474
ifipnaujoy.mp4,0.9009661674499512
ifjsiierar.mp4,0.7032293081283569
ifjxjinmwm.mp4,0.8806250095367432
ifkgrayoeg.mp4,0.5340359210968018
ifksnroxss.mp4,0.9199797511100769
iflpspqqjz.mp4,0.8729059100151062
ifmengvgvb.mp4,0.6662655472755432
ifncshryta.mp4,0.9844171404838562
ifnsbiqfdf.mp4,0.9092940092086792
ifoesojzgd.mp4,0.8687375783920288
ifougnqcfr.mp4,0.9686261415481567
ifpnkdloos.mp4,0.6778559684753418
ifpqeojocz.mp4,0.9327834844589233
ifpqwaqwfe.mp4,0.8922441601753235
ifqnnxzpry.mp4,0.5845046043395996
ifquukmxxm.mp4,0.06033129617571831
ifrgshsycv.mp4,0.895859956741333
ifrxcbqamt.mp4,0.44339117407798767
ifsqlqkvvg.mp4,0.8703408241271973
ifsukcvnch.mp4,0.8643274903297424
iftayphwhc.mp4,0.9040278196334839
ifthrazggb.mp4,0.9442314505577087
iftqakgrmy.mp4,0.7721242308616638
iftscryovw.mp4,0.7651985287666321
ifubyoaifk.mp4,0.030880920588970184
ifvypkuwuk.mp4,0.06817486137151718
ifwhspkofn.mp4,0.9842711091041565
ifxaojtzqg.mp4,0.0328332781791687
ifypxgoczv.mp4,0.8829365372657776
igaobtaeuk.mp4,0.11575992405414581
igbhevulbb.mp4,0.9571312665939331
igbnijdvai.mp4,0.9572763442993164
igbvqmetfq.mp4,0.8706600666046143
igbxxjlcsp.mp4,0.9347407221794128
igbyejqxve.mp4,0.9289025664329529
igbypcqmah.mp4,0.8499003052711487
igcpecxbxu.mp4,0.9119049310684204
igcqzxjezw.mp4,0.2523743212223053
igedkulsvc.mp4,0.7132120728492737
igekiersqy.mp4,0.9389190673828125
iggaslwzex.mp4,0.7516102194786072
iggojuqqng.mp4,0.9803422689437866
igguzxdchx.mp4,0.9266635775566101
iggzpvhqpl.mp4,0.6985639929771423
igicvxhpvq.mp4,0.1997520923614502
igigqwkkkj.mp4,0.7989562153816223
igiqjkzwbj.mp4,0.09686750173568726
igkhzfxvlv.mp4,0.8847278952598572
igloenuzfl.mp4,0.8876261711120605
igndyvsvjz.mp4,0.9334067702293396
ignjgucwqo.mp4,0.06736183911561966
ignnnnpang.mp4,0.1309501826763153
ignosnyrgj.mp4,0.8978342413902283
igoscayqzz.mp4,0.8804465532302856
igouepvsij.mp4,0.9530553817749023
igpgpxsxfi.mp4,0.9360284805297852
igpqypvhtg.mp4,0.919432520866394
igpuctdnhm.mp4,0.9545302987098694
igsqiwufse.mp4,0.0665636733174324
igszgtyaou.mp4,0.8557747602462769
igtgmuljlt.mp4,0.8568323254585266
igtwtegocc.mp4,0.8773624897003174
igublytzpc.mp4,0.8724028468132019
igukuxrfcz.mp4,0.9413020014762878
igvhwcjqqi.mp4,0.7873096466064453
igvtidvimh.mp4,0.8464932441711426
igwekiidbq.mp4,0.947356641292572
igwkzixatk.mp4,0.8823934197425842
igwuwvvjkv.mp4,0.9471129775047302
igwyftdshr.mp4,0.6864230632781982
igxcdfatrf.mp4,0.8150246739387512
igxhynhfsr.mp4,0.07803211361169815
igydssgspa.mp4,0.17109055817127228
igyligfzip.mp4,0.6136977076530457
ihaenwsjeg.mp4,0.9406431317329407
ihahebszkv.mp4,0.9677047729492188
ihaqcaeveo.mp4,0.9588284492492676
ihazqithac.mp4,0.9041341543197632
ihbkkxqfue.mp4,0.9242842793464661
ihbtgqksjv.mp4,0.8727154731750488
ihceabkzlk.mp4,0.3802490532398224
ihcnyhddua.mp4,0.9000177979469299
ihcxgmbubo.mp4,0.8580831289291382
ihdgrfnndy.mp4,0.8949811458587646
ihdopxhysr.mp4,0.9434791207313538
ihdspfgwip.mp4,0.7057927846908569
ihflbuvazj.mp4,0.9380003213882446
ihgiilzahj.mp4,0.8277135491371155
ihgkxfqczm.mp4,0.16550949215888977
ihgvbkognw.mp4,0.38724908232688904
ihhaaurrmn.mp4,0.6401035785675049
ihhgledxgx.mp4,0.9459376931190491
ihhwpdsrvf.mp4,0.9889261722564697
ihjiysecxt.mp4,0.11572546511888504
ihjtihwars.mp4,0.053043629974126816
ihkcjetbrc.mp4,0.06719731539487839
ihkenvytso.mp4,0.8149823546409607
ihknrbxosz.mp4,0.4957024157047272
ihlwqfxdwa.mp4,0.8503824472427368
ihlwuzlhii.mp4,0.9666375517845154
ihmmwjfyqf.mp4,0.9275110960006714
ihmwekcjlb.mp4,0.9046080708503723
ihnelbxnxa.mp4,0.758607029914856
ihnjwwvpbz.mp4,0.26084449887275696
ihnmbvgfqn.mp4,0.9627427458763123
ihocczjmdk.mp4,0.9082137942314148
ihohnncinv.mp4,0.8808285593986511
ihrdbdpbes.mp4,0.9024947285652161
ihshihvwkk.mp4,0.7493195533752441
ihsjupntno.mp4,0.8622915148735046
ihsokbmjbc.mp4,0.9146876931190491
ihstncrcwa.mp4,0.9076639413833618
ihszkmcwvw.mp4,0.06934764981269836
ihtsucyrjz.mp4,0.939396321773529
ihtzbryflc.mp4,0.7554050087928772
ihubnfhyuw.mp4,0.9068640470504761
ihugfangyt.mp4,0.22953782975673676
ihwgpktjiq.mp4,0.9184803366661072
ihxgskwgvn.mp4,0.9284868240356445
ihzrsqmrxi.mp4,0.1420481652021408
iiawmjvzsd.mp4,0.9338344931602478
iibdamwadw.mp4,0.06300656497478485
iibfhdltcd.mp4,0.8342371582984924
iibolawmoq.mp4,0.7659511566162109
iichbiatyw.mp4,0.8586439490318298
iicreugtei.mp4,0.9382314682006836
iicsvrikit.mp4,0.8789657950401306
iidbhoxlpr.mp4,0.0612051747739315
iidoeyujak.mp4,0.898614227771759
iidsevbnrs.mp4,0.21264784038066864
iidspecvyy.mp4,0.9040950536727905
iidxfdoplp.mp4,0.6987088918685913
iiefdnlzps.mp4,0.9644777774810791
iiesesoyxp.mp4,0.9274784326553345
iifumipimm.mp4,0.8842828273773193
iigcoabzxw.mp4,0.9137874841690063
iiggbgfpsz.mp4,0.9342097640037537
iihqpphuyy.mp4,0.8525036573410034
iihsdrajtc.mp4,0.5690600275993347
iiiycdclun.mp4,0.9469102621078491
iiiylmxggs.mp4,0.7417700886726379
iijyezwuua.mp4,0.06651797890663147
iijypkhgyw.mp4,0.765815794467926
iikdjnrllm.mp4,0.580357015132904
iilenvtqqu.mp4,0.6582363843917847
iilormraws.mp4,0.7986320853233337
iilvxqnapt.mp4,0.8208319544792175
iilxfvdyrq.mp4,0.8808791041374207
iilzyabbzl.mp4,0.9536658525466919
iinevbpmcf.mp4,0.6580771803855896
iioiaeqxcj.mp4,0.9341632127761841
iipgclzryu.mp4,0.976168692111969
iipnaebawa.mp4,0.9478335976600647
iipnhxfxmp.mp4,0.8896467685699463
iitkiiwmyx.mp4,0.9013173580169678
iiubmqamod.mp4,0.9309786558151245
iiuxgysiec.mp4,0.5612179040908813
iivadqebol.mp4,0.9108114242553711
iivpdtsjfc.mp4,0.805048942565918
iivrgiqnjk.mp4,0.29057684540748596
iivwdmxdjd.mp4,0.1491950899362564
iivwkmoazr.mp4,0.8800252676010132
iiwffwiyrg.mp4,0.8804314136505127
iiwilssrhb.mp4,0.12699660658836365
iixmhsmehf.mp4,0.7417222857475281
iiyfpjuqaf.mp4,0.7856595516204834
iizdcloziq.mp4,0.8633700013160706
iizsrcugyd.mp4,0.8926599621772766
ijatjjgjhr.mp4,0.2961690425872803
ijbbtmsgoj.mp4,0.8932687640190125
ijblnijmpp.mp4,0.8705930113792419
ijbtvhvhra.mp4,0.8970906734466553
ijchkulser.mp4,0.8593692183494568
ijcnfssqqj.mp4,0.8739394545555115
ijdwrjrzme.mp4,0.9273552894592285
ijdydipjws.mp4,0.971959114074707
ijecctqkpp.mp4,0.8090331554412842
ijecyudlvs.mp4,0.9312668442726135
ijeocdiijx.mp4,0.8617943525314331
ijeqomctsa.mp4,0.13882653415203094
ijgborufon.mp4,0.9560853838920593
ijgmcbwkjy.mp4,0.9410306215286255
ijgnftkova.mp4,0.8551337718963623
ijgzafdtqj.mp4,0.918285071849823
ijiubvcsfk.mp4,0.9387255311012268
ijjnmqocav.mp4,0.9113439321517944
ijjxgqmbfv.mp4,0.07226839661598206
ijjybatadp.mp4,0.8724991679191589
ijkswoield.mp4,0.11299144476652145
ijkwihnmld.mp4,0.2860037088394165
ijlaqnxjxt.mp4,0.951084554195404
ijlmzpbxth.mp4,0.9533542394638062
ijnkazaysb.mp4,0.9842995405197144
ijnlvfbgww.mp4,0.8541293144226074
ijoflemgjq.mp4,0.9699366688728333
ijolohlrbz.mp4,0.9551989436149597
ijpcelqdco.mp4,0.880029559135437
ijphkwnzba.mp4,0.8048759698867798
ijpnvvtakw.mp4,0.06799932569265366
ijpxswghyk.mp4,0.9681898951530457
ijqpebqhwk.mp4,0.9356687068939209
ijqrvbpesp.mp4,0.7767794728279114
ijqvofcxuj.mp4,0.7839756011962891
ijqxtqvteg.mp4,0.884975016117096
ijrcsnykcm.mp4,0.851786732673645
ijsldsuegi.mp4,0.7466121912002563
ijspqwgovc.mp4,0.427699476480484
ijsuhngezc.mp4,0.7934463024139404
ijttkzkvrk.mp4,0.8883771896362305
ijuhwltjyu.mp4,0.9645230174064636
ijupxdmyah.mp4,0.8480139374732971
ijvicicjwi.mp4,0.7483958601951599
ijvlxcfbhg.mp4,0.9682106375694275
ijvrruppbz.mp4,0.9427225589752197
ijvwgmpoiy.mp4,0.9490533471107483
ijwmhwupga.mp4,0.9791443943977356
ijxbyfwxse.mp4,0.32191070914268494
ijxlgqqryi.mp4,0.22915785014629364
ijxoweqtxd.mp4,0.7866179347038269
ijzbqfymei.mp4,0.510958731174469
ijzokipecn.mp4,0.9422118663787842
ikacknizqm.mp4,0.9200130105018616
ikavesminb.mp4,0.9489935636520386
ikcfxjwycf.mp4,0.9838224053382874
ikchbvrynn.mp4,0.750250518321991
ikchunmihb.mp4,0.9544463157653809
ikcpaaosur.mp4,0.9447758793830872
ikebomnsiq.mp4,0.06677471101284027
ikezifzakr.mp4,0.743019163608551
ikfugyrtps.mp4,0.9001230597496033
ikfukzmrfb.mp4,0.8697773814201355
ikgilgckkh.mp4,0.8272565603256226
ikgrgrxlvd.mp4,0.9179844260215759
ikgxqbhmlv.mp4,0.9012251496315002
ikgzvuuznw.mp4,0.39073771238327026
ikipwnlsnz.mp4,0.5613127946853638
ikjnhwvtjb.mp4,0.9366843700408936
ikkhswmbmy.mp4,0.9745041728019714
ikkpygqiej.mp4,0.9658341407775879
ikmsdmynbf.mp4,0.15578319132328033
iknaoncdob.mp4,0.838258683681488
ikndrsefac.mp4,0.043116096407175064
iknfqmugud.mp4,0.8955095410346985
ikoqjcdupk.mp4,0.07855860143899918
ikosynolad.mp4,0.947927713394165
ikqbzrbwqh.mp4,0.9795607328414917
ikqkuyagbl.mp4,0.9556379914283752
ikschsvken.mp4,0.8331902623176575
iksdzvxrny.mp4,0.47648146748542786
iksntpazti.mp4,0.3414444923400879
iktrajicum.mp4,0.7981297969818115
ikuebqamni.mp4,0.7811288237571716
ikwlskwwyf.mp4,0.9174073338508606
ikxhnaekof.mp4,0.8864519000053406
ikyetixxef.mp4,0.9285202622413635
iladqczmtm.mp4,0.5491124987602234
ilbzdmwnuv.mp4,0.5511752963066101
ilcewfduax.mp4,0.4019392132759094
ilcsznbvvu.mp4,0.954378068447113
ildnnpsayt.mp4,0.8643598556518555
ilefzzpsik.mp4,0.8624820709228516
ilfrynyhef.mp4,0.7475941181182861
ilhnupngyk.mp4,0.9111378788948059
ilijyjnnde.mp4,0.05972153693437576
iliwmonzgd.mp4,0.5120135545730591
iljdwnyteo.mp4,0.9264005422592163
iljvsojzzv.mp4,0.9559746384620667
iljxxtnxnb.mp4,0.8999579548835754
ilkbvphctp.mp4,0.09470284730195999
ilkhtkopoq.mp4,0.033532630652189255
ilkuxqamua.mp4,0.8537877202033997
illjeenptm.mp4,0.6833179593086243
ilmqjfferi.mp4,0.8863987922668457
ilnsunnigz.mp4,0.6420584917068481
iloepwbylm.mp4,0.8289257884025574
ilowgdacjj.mp4,0.7638736367225647
iloxmuwjpn.mp4,0.9181416630744934
ilrqvcmvno.mp4,0.9514948725700378
ilrvlrlkzu.mp4,0.9553957581520081
ilthkuqkih.mp4,0.9853011965751648
iluetsnbln.mp4,0.9812852740287781
ilutuvrivm.mp4,0.10153189301490784
ilvcghrcpt.mp4,0.8351462483406067
ilvnosnbxx.mp4,0.949854850769043
ilvrzgvmhk.mp4,0.7824025750160217
ilwecgcnwg.mp4,0.823415219783783
ilwwucmcze.mp4,0.16316954791545868
ilwxdcdstv.mp4,0.9657216668128967
ilxlssjsrw.mp4,0.3381614089012146
ilxmktuups.mp4,0.7173475623130798
ilxszbrras.mp4,0.9221895933151245
ilxyhurnfu.mp4,0.8656495213508606
ilyytexbev.mp4,0.0755000114440918
ilzhgraxpl.mp4,0.049148619174957275
imasufvwky.mp4,0.8471701145172119
imbitycmfj.mp4,0.029457880184054375
imcctslcgz.mp4,0.9629852175712585
imcmewblak.mp4,0.7815302014350891
imehwufcox.mp4,0.9434385299682617
imekboagmn.mp4,0.9796387553215027
imfatmxgxk.mp4,0.9094902276992798
imgnvcjijv.mp4,0.8813032507896423
imicatmqrf.mp4,0.10983776301145554
imijeuifwl.mp4,0.982371985912323
imitqivtlf.mp4,0.950421929359436
imiwzsamzz.mp4,0.9139441251754761
imjkqycpxy.mp4,0.7832992672920227
imjvwheucs.mp4,0.6038941144943237
imkrswmxeg.mp4,0.8897990584373474
imkrunyvib.mp4,0.9616014957427979
immfucqwhc.mp4,0.8805879950523376
immhqqjbug.mp4,0.4503411650657654
immsyyzjjq.mp4,0.9149444103240967
imnhgitwer.mp4,0.14173880219459534
imnimaiuzj.mp4,0.8997523784637451
imnyrjolno.mp4,0.34867024421691895
imnzannmcr.mp4,0.11120622605085373
imrbxfrdoe.mp4,0.11592426151037216
imsacxixmv.mp4,0.06423118710517883
imsssnmbdh.mp4,0.9348528981208801
imtkdzkypf.mp4,0.1203034296631813
imtqhldxwh.mp4,0.30677106976509094
imuelslarq.mp4,0.9490733742713928
imunhfzepl.mp4,0.6316055655479431
imuxybwcaq.mp4,0.9412931203842163
imvkjcocgb.mp4,0.8905418515205383
imvljxvuta.mp4,0.8963235020637512
imwrhaxipv.mp4,0.9892926812171936
imwtonmaac.mp4,0.60367751121521
imwxooampn.mp4,0.616226315498352
imxclqmepu.mp4,0.2242787778377533
imzpiqvcnt.mp4,0.97934889793396
imzpztemle.mp4,0.09142445027828217
inaegnmolg.mp4,0.7322896122932434
inbbyulhvi.mp4,0.9399640560150146
inbkxxjlvs.mp4,0.1831279844045639
incavslche.mp4,0.8256202936172485
incntknemt.mp4,0.8678395748138428
incwjyqmnr.mp4,0.9264456033706665
indhegsbew.mp4,0.9181536436080933
indjhijlne.mp4,0.723477840423584
indoiqhinq.mp4,0.6632199287414551
indvfeemhp.mp4,0.9811497926712036
inelwzcgih.mp4,0.8575199246406555
inemzkdvkp.mp4,0.9336913824081421
ineolokmqv.mp4,0.5646233558654785
ineriwbkom.mp4,0.12837570905685425
inesnaprwm.mp4,0.9285624623298645
infqarzfqf.mp4,0.9803532958030701
ingtbpvean.mp4,0.8809816241264343
inhdjqusao.mp4,0.5527098178863525
inhhnmbumo.mp4,0.9631629586219788
inhobwkrgo.mp4,0.055703289806842804
inidddgtbx.mp4,0.9292228817939758
iniyhknsde.mp4,0.8523334264755249
injepvztjq.mp4,0.13833338022232056
injmftmbii.mp4,0.9446251392364502
injpbivosc.mp4,0.7533154487609863
inkvlhzprb.mp4,0.9715827703475952
inkxsksvfs.mp4,0.907208263874054
inlulnqgjf.mp4,0.6996726393699646
inlurljyft.mp4,0.9442771077156067
inmmctcqam.mp4,0.9595120549201965
inmqhfujch.mp4,0.07344917953014374
inmwakldeq.mp4,0.923497200012207
inneixkosf.mp4,0.0538056418299675
innfhbljwv.mp4,0.46585094928741455
innnxjnjzg.mp4,0.25420668721199036
inocfgtpyx.mp4,0.8780197501182556
inpyubrqgk.mp4,0.9135328531265259
inrodxmtmz.mp4,0.9637205004692078
insnamzdii.mp4,0.13166435062885284
inspmkixlc.mp4,0.8477174043655396
intdikbydt.mp4,0.9497814774513245
intjrgoddn.mp4,0.9251105189323425
intvelmsah.mp4,0.3426845967769623
inuntgvmfo.mp4,0.8124260306358337
invdiiotkx.mp4,0.02907262183725834
invgswjxql.mp4,0.7994133234024048
inwaznexiv.mp4,0.9897615909576416
inwvkwgbae.mp4,0.3888087570667267
inxdbjiqun.mp4,0.05554955080151558
inyghuvekb.mp4,0.9016792178153992
inyhiitiqt.mp4,0.0575723834335804
inyhmnubqq.mp4,0.17250528931617737
inyptqqeru.mp4,0.08449532091617584
inyzwblrvn.mp4,0.4775848984718323
inzgulrorj.mp4,0.180764839053154
inzlbdwkpz.mp4,0.9443323016166687
inzlvwlpks.mp4,0.7550309300422668
inzqoiwoae.mp4,0.25799819827079773
inztcghfvo.mp4,0.19968004524707794
ioafctqohg.mp4,0.9120461940765381
ioagaknzxx.mp4,0.9229987263679504
ioakowtmul.mp4,0.06298002600669861
ioawppxuxf.mp4,0.07356670498847961
iobexjisxq.mp4,0.912266731262207
iobnxqtkgg.mp4,0.7253283858299255
iobunwzuda.mp4,0.259733647108078
iobvxlnbwn.mp4,0.08552664518356323
iocecnmdzm.mp4,0.5147397518157959
ioconbamkx.mp4,0.9465599060058594
iocstgmnkp.mp4,0.2744778096675873
iodlnqsuzm.mp4,0.9448003172874451
iodvtuacfh.mp4,0.9124535322189331
ioephjampr.mp4,0.8357495665550232
iofnzcsfzb.mp4,0.32079729437828064
iogpvrelcc.mp4,0.838984489440918
iogrkojxwc.mp4,0.880085825920105
iogwwljjzs.mp4,0.65412837266922
iohdbhydzx.mp4,0.4549669325351715
ioibyufhmd.mp4,0.9613720774650574
ioiwzbafjy.mp4,0.9098303318023682
iojhndegmj.mp4,0.10972679406404495
iojrefzdlz.mp4,0.48319223523139954
iojwofhnwj.mp4,0.44783535599708557
iolhfuzywn.mp4,0.7238752245903015
iolxctpvjw.mp4,0.758919894695282
iolzdxcdlv.mp4,0.9528171420097351
iomeepgxuc.mp4,0.7771077752113342
iomhrpdypg.mp4,0.9097830653190613
iomixyprpe.mp4,0.8523834347724915
iomxmfsdim.mp4,0.04687212407588959
iondvzqjbe.mp4,0.138885036110878
ionjkxysgw.mp4,0.05926467850804329
ionmsllaxk.mp4,0.2752991020679474
iootzzehig.mp4,0.7841562628746033
iopaywxzcj.mp4,0.20350386202335358
iopprxmdrl.mp4,0.9210934042930603
iorflqhzwd.mp4,0.5975233316421509
iorhxrlbuy.mp4,0.8600173592567444
iorrylopzn.mp4,0.9899654388427734
iosfhlelkz.mp4,0.9405326843261719
iosljkpvnt.mp4,0.9321585297584534
iotljxkhvm.mp4,0.8605800867080688
iotwxkwswd.mp4,0.5157771706581116
ioujtlguyo.mp4,0.420005738735199
ioumwfvogk.mp4,0.9677574634552002
ioupchhadz.mp4,0.8805602192878723
iouptolpal.mp4,0.3923717737197876
iouymhtfaw.mp4,0.940898597240448
iovjcaptmz.mp4,0.061563946306705475
iovkjpgpva.mp4,0.9231665730476379
iowiznmnnd.mp4,0.9555195569992065
ioxkqfokjj.mp4,0.712017297744751
ioxvbxicwx.mp4,0.6965945363044739
ioyetmvwyk.mp4,0.9044551253318787
ioztkmjhbg.mp4,0.643099308013916
iozztujesd.mp4,0.708604633808136
ipaqrjidab.mp4,0.9012311100959778
ipbdzgqssd.mp4,0.0839545950293541
ipbyairara.mp4,0.49610188603401184
ipceevmvfn.mp4,0.9522404670715332
ipcosodfbo.mp4,0.9878535270690918
ipdbmwlfml.mp4,0.9483513236045837
ipdvhtudnz.mp4,0.8828610777854919
ipehaqtcgz.mp4,0.8766422271728516
ipemtttinh.mp4,0.9057362675666809
ipescrcxli.mp4,0.23965813219547272
ipfbkyfhlv.mp4,0.825570285320282
ipffiwpnpn.mp4,0.945171058177948
ipflfpnkmh.mp4,0.9236230850219727
ipfvrgbjrm.mp4,0.7219685316085815
iphmozjvef.mp4,0.371506005525589
iphspqugeu.mp4,0.8817031979560852
ipijpsawpc.mp4,0.06147044524550438
ipiqzekfkc.mp4,0.8922500610351562
ipisvmpxfd.mp4,0.04792621359229088
ipjfbgagrj.mp4,0.9513408541679382
ipjivmsrdi.mp4,0.6548043489456177
ipjmvcgdhw.mp4,0.9523669481277466
ipjvzjdfja.mp4,0.315201997756958
ipknjeuhyx.mp4,0.8854496479034424
ipkyxmxjiz.mp4,0.8236223459243774
ipmaldzjwp.mp4,0.6027858853340149
ipnuvehtbk.mp4,0.9198364019393921
ipnxcxbofs.mp4,0.6951091885566711
ipopeacpus.mp4,0.9482046365737915
ipouzwmwit.mp4,0.9250214099884033
ippfrlcmdo.mp4,0.9635616540908813
ipqistxtpz.mp4,0.8876253962516785
iprmrrxtle.mp4,0.05809684842824936
ipsqwydoob.mp4,0.8962038159370422
iptndwhwjz.mp4,0.465353786945343
ipudumrvde.mp4,0.42168134450912476
ipujpicjxw.mp4,0.16161121428012848
ipuniglqkv.mp4,0.465858519077301
ipuxlomcqk.mp4,0.5288183689117432
ipvtjixuqg.mp4,0.9758181571960449
ipvzfekfwu.mp4,0.17026180028915405
ipwgilocco.mp4,0.9358972907066345
ipwroeubye.mp4,0.8582202196121216
ipxsymswgp.mp4,0.8614733815193176
ipxvvnscml.mp4,0.6721694469451904
ipywaoscpa.mp4,0.6569782495498657
ipzntfgcbe.mp4,0.9830502867698669
ipzrldinfx.mp4,0.9247611165046692
ipzwmxtfrl.mp4,0.5219903588294983
iqapiwnsmu.mp4,0.889694333076477
iqbavyrfyl.mp4,0.03406750410795212
iqbrblvxvk.mp4,0.9313900470733643
iqcgvkabeg.mp4,0.9019054174423218
iqcrbrzzrn.mp4,0.9064462780952454
iqczmlmmzx.mp4,0.9501457810401917
iqczwyywit.mp4,0.46507635712623596
iqdxlygogh.mp4,0.136562779545784
iqeneddttw.mp4,0.6174731850624084
iqfsgocljr.mp4,0.8521352410316467
iqgfxqewgi.mp4,0.25805965065956116
iqgiirciwn.mp4,0.9175810217857361
iqgmjgjrsy.mp4,0.30253612995147705
iqhjifcniy.mp4,0.5483002066612244
iqhllschqx.mp4,0.923027753829956
iqhpjrotso.mp4,0.5143270492553711
iqhvvdkndu.mp4,0.30712223052978516
iqigcfmdmy.mp4,0.09883803129196167
iqigcvwgji.mp4,0.9544774293899536
iqjffnydwu.mp4,0.9603254795074463
iqjtsrlatk.mp4,0.8519521951675415
iqjzxqooem.mp4,0.9141620397567749
iqkdtvdhhy.mp4,0.9446737766265869
iqkhdjjxes.mp4,0.9121406674385071
iqlbivxagm.mp4,0.9612005949020386
iqllublvez.mp4,0.9286848902702332
iqlmoluucd.mp4,0.9332735538482666
iqlnkvxslo.mp4,0.9285466074943542
iqmkwrcyqs.mp4,0.1979796588420868
iqmnjobdob.mp4,0.811974823474884
iqmwzjyksk.mp4,0.9252944588661194
iqndppeoav.mp4,0.7479819059371948
iqnkribxkk.mp4,0.5723031163215637
iqnvkkewxi.mp4,0.08927448093891144
iqopoamixz.mp4,0.7898591160774231
iqovzvsvkn.mp4,0.9332094788551331
iqpckowwia.mp4,0.1383962780237198
iqpcsxzxci.mp4,0.8312103152275085
iqqutdwnya.mp4,0.9287140369415283
iqrjuczuxb.mp4,0.9565574526786804
iqrzppimhu.mp4,0.9787637591362
iqsceqxotz.mp4,0.7770359516143799
iqsxnucxvo.mp4,0.7280717492103577
iqttukcyth.mp4,0.9267899394035339
iqtutmwfui.mp4,0.6724444627761841
iqubmhnfvq.mp4,0.7028974890708923
iquhufkwjb.mp4,0.720947265625
iqupvubgpm.mp4,0.946708619594574
iquxmnsbsg.mp4,0.7732007503509521
iqvfopywpa.mp4,0.6878434419631958
iqvkbrbikt.mp4,0.9863885641098022
iqxebazshx.mp4,0.9192889928817749
iqxkenmlnj.mp4,0.974958062171936
iqygzjmnpv.mp4,0.11232578009366989
iqylhfxyjm.mp4,0.6512913107872009
iqyzgnhgxt.mp4,0.8678073883056641
iqzgrscbcu.mp4,0.7639084458351135
iqzjzifjuj.mp4,0.8828465938568115
iqzoqolccf.mp4,0.3195425271987915
iqztfmomng.mp4,0.8520249724388123
iramathzcf.mp4,0.2747262716293335
irbizraspf.mp4,0.9417272806167603
irbmsvytsj.mp4,0.9053069949150085
irbuixhcdk.mp4,0.8700770735740662
irbyfpqxhh.mp4,0.9579231142997742
ircmvzkosl.mp4,0.8561435341835022
ircosowvze.mp4,0.6960791349411011
irdptfgpbb.mp4,0.41508719325065613
irerylmdmc.mp4,0.05317036062479019
irexjenpki.mp4,0.9035292863845825
irfhrdweqh.mp4,0.8970934748649597
irfjbqscfl.mp4,0.3048677146434784
irgxysozjn.mp4,0.4984978437423706
irhlokwbsm.mp4,0.892254650592804
irhspphnzz.mp4,0.9612598419189453
iriadhnmyy.mp4,0.6583710312843323
irjbrwpqqd.mp4,0.927108108997345
irjbukzjqt.mp4,0.10361188650131226
irjsumzeie.mp4,0.9252865314483643
irjxqznjfr.mp4,0.9065401554107666
irkrdbjkkv.mp4,0.06540787220001221
irkzgutang.mp4,0.9872100949287415
irmdgkpcgn.mp4,0.9197446703910828
irmimyuumh.mp4,0.9162797927856445
irmkoxrfni.mp4,0.731397807598114
irmpbhnlrc.mp4,0.5840672850608826
irnejrdgex.mp4,0.8786279559135437
irnsrjoymh.mp4,0.07009550929069519
irpvjndavi.mp4,0.9507240056991577
irriroabtu.mp4,0.19802594184875488
irslbryzin.mp4,0.07854882627725601
irtnypbxas.mp4,0.5167113542556763
irtyyuhhqy.mp4,0.8469271659851074
irufgcupir.mp4,0.9535370469093323
iruhgcdiww.mp4,0.7817425727844238
irurxjcnqr.mp4,0.91612708568573
irxfiqsbuj.mp4,0.14560338854789734
iryjkosyla.mp4,0.05764763802289963
iryuwfmpbs.mp4,0.9112430810928345
irzbrxikle.mp4,0.8505933880805969
isaginujnt.mp4,0.9596767425537109
isbaammqru.mp4,0.5667387843132019
isbmgabjat.mp4,0.7834054231643677
iscbfzqeyn.mp4,0.9188442230224609
isdacfltyy.mp4,0.9362143278121948
isdffajhii.mp4,0.5103272199630737
isdklqbdnf.mp4,0.6436165571212769
isdtdgwlbi.mp4,0.9350471496582031
isenrfjdku.mp4,0.904682993888855
isesajuxxf.mp4,0.9187765121459961
iseykvossv.mp4,0.9052775502204895
isfagiiubj.mp4,0.9537148475646973
isfkcvmzbm.mp4,0.9336485266685486
isfrxiomlx.mp4,0.822368860244751
isgmhzcnsn.mp4,0.37276938557624817
isgoeqoedr.mp4,0.7421268820762634
isgwavrxss.mp4,0.939408004283905
ishwxahqhu.mp4,0.9623175263404846
isijlzptfp.mp4,0.9093855619430542
isiqchtxth.mp4,0.723380982875824
isiubqzuzc.mp4,0.9486933350563049
isixfyxvcp.mp4,0.7837586998939514
isjcjsmrmb.mp4,0.8368358612060547
isjoudmnfj.mp4,0.9475467801094055
isjvgthpyu.mp4,0.8972017765045166
iskbjiyaij.mp4,0.9732599854469299
iskhivysqb.mp4,0.5826103091239929
isknscqsjx.mp4,0.5620312094688416
iskqdueuxr.mp4,0.9203569889068604
islzgwudql.mp4,0.7902999520301819
isototjlvu.mp4,0.3486199975013733
ispeyrhmus.mp4,0.8421496152877808
ispnjqelfe.mp4,0.08523356169462204
isprimskfu.mp4,0.6291716694831848
isqyfxebiv.mp4,0.7984317541122437
isrcbycggz.mp4,0.702639639377594
isrtayaexy.mp4,0.9262645840644836
istaazovyg.mp4,0.2811247706413269
istgsllxyq.mp4,0.9899998903274536
istlvvylqy.mp4,0.9584587812423706
istqcxpzte.mp4,0.8191071152687073
isuuywkjkp.mp4,0.854263424873352
isuyxkqttj.mp4,0.9326108694076538
isvpmjjhwn.mp4,0.561038613319397
isvqeoksng.mp4,0.8562678098678589
iswbynqcos.mp4,0.9342999458312988
iswgwrwtzr.mp4,0.9788027405738831
iswoxfhubj.mp4,0.831396758556366
isxdbhzurn.mp4,0.8885595798492432
isxekfofqe.mp4,0.8805263638496399
isxwueescp.mp4,0.9331393837928772
isxxybhuls.mp4,0.21113073825836182
isxzmbfwaz.mp4,0.9329823851585388
isyewdvxzt.mp4,0.8923070430755615
isyewygrzc.mp4,0.1811954230070114
isyglougjg.mp4,0.9220008850097656
isyopaltci.mp4,0.3602135181427002
isyucpkqoa.mp4,0.6006100177764893
isywvoylfh.mp4,0.6439574360847473
iszopdcfmo.mp4,0.9379437565803528
iszptuqyzd.mp4,0.3568648099899292
itajgcgrsh.mp4,0.7335192561149597
itbsjttkkw.mp4,0.9412394165992737
itdywxjknn.mp4,0.779064953327179
itfdmygyre.mp4,0.9463157653808594
itfdsbukvb.mp4,0.8990574479103088
itfojnmvrv.mp4,0.8471088409423828
itfzfpuilx.mp4,0.1836751103401184
itgprdayac.mp4,0.3784872591495514
itgqbpccfo.mp4,0.8765497803688049
itgrgobbrq.mp4,0.8249830603599548
ithkydrkkp.mp4,0.9049718976020813
ithpejaqrb.mp4,0.9635341763496399
itiptpqxpj.mp4,0.8350965976715088
itjpxbskre.mp4,0.9221484065055847
itkfiidxuu.mp4,0.6857455968856812
itksyonvbk.mp4,0.8980942964553833
itmjxopkey.mp4,0.8918446898460388
itmkomrbnh.mp4,0.9087491035461426
itmnwcrluu.mp4,0.054899975657463074
itmomecdvu.mp4,0.9453237652778625
itnawjbxos.mp4,0.975299596786499
itndhezahp.mp4,0.942269504070282
itnkworuoe.mp4,0.8413510322570801
itoiaabhko.mp4,0.6006975173950195
itpaqvfwpg.mp4,0.9169321060180664
itpkvblciq.mp4,0.9791377186775208
itqdvqnosv.mp4,0.9327815771102905
itqhlrleio.mp4,0.7786272764205933
itqmwnvajl.mp4,0.8314080834388733
itqqhgysnw.mp4,0.9179911613464355
itqxwigfum.mp4,0.8720903396606445
itranaleig.mp4,0.06496649980545044
itrpygajdw.mp4,0.9329659938812256
itrqtffjkw.mp4,0.884158730506897
itrsdfydjh.mp4,0.6201040744781494
itrsojyzkf.mp4,0.8703746199607849
itrwytnqso.mp4,0.9475813508033752
itsdlwdqje.mp4,0.8733973503112793
itsdmmtdxg.mp4,0.05613471195101738
itsedwdjys.mp4,0.5670264363288879
itsqfzciit.mp4,0.8694694638252258
ittkkelgtf.mp4,0.9621456265449524
itttfditsj.mp4,0.8165305256843567
itwegcsfqa.mp4,0.8405171036720276
itwsvyywjd.mp4,0.9314045310020447
itxawnlbch.mp4,0.9380747079849243
itxziqmodj.mp4,0.9771373271942139
itymdrkyyf.mp4,0.8894591331481934
ityqjjucub.mp4,0.9801588654518127
itzjjwxysp.mp4,0.9269951581954956
iuaqkvagza.mp4,0.9295259118080139
iubyasowgv.mp4,0.27264806628227234
iucnaynimg.mp4,0.8831040859222412
iucnlyadlt.mp4,0.1863558441400528
iuctxvtxkp.mp4,0.6102767586708069
iudlawgsry.mp4,0.8453415036201477
iudlsefikg.mp4,0.10763872414827347
iueelzuywc.mp4,0.058281611651182175
iuewyxarwm.mp4,0.46572643518447876
iufanilvlv.mp4,0.6207923293113708
iufjcxwyop.mp4,0.09935155510902405
iufrqaiymv.mp4,0.11089929193258286
iufybuadlw.mp4,0.946832001209259
iuhjpblryw.mp4,0.6389386057853699
iuhskztdjv.mp4,0.9301936030387878
iuhvvwxdce.mp4,0.9783296585083008
iuikozlzvg.mp4,0.2937718629837036
iuituywyxn.mp4,0.6834657192230225
iujukgehcc.mp4,0.9196505546569824
iujvgedoas.mp4,0.9379428625106812
iukkdgxnwj.mp4,0.9111281633377075
iulhnuhwee.mp4,0.9401081800460815
iulnkyslop.mp4,0.869580864906311
iumfuatkkz.mp4,0.7393158078193665
iumkcwloxz.mp4,0.873486340045929
iunpzphxxr.mp4,0.3417775630950928
iuoegscrup.mp4,0.973372220993042
iuphngdpvq.mp4,0.9409160017967224
iupngkdauv.mp4,0.9784132838249207
iuqozhqifr.mp4,0.9095488786697388
iusachxgqy.mp4,0.8592402338981628
iusawyxkvl.mp4,0.7248457670211792
iutmmxwgah.mp4,0.9202032685279846
iutqppzovu.mp4,0.19629263877868652
iuttprjxhf.mp4,0.6663612127304077
iutwrfjdoo.mp4,0.9584361910820007
iuujqumhwm.mp4,0.9016725420951843
iuuurlqitq.mp4,0.9553858041763306
iuvelrnuap.mp4,0.5489836931228638
iuvhrgckrt.mp4,0.3056199252605438
iuvkcwcqbb.mp4,0.9177135825157166
iuvuhjcihe.mp4,0.8420547246932983
iuwgvbwcmp.mp4,0.8467414975166321
iuwqcvrhol.mp4,0.9835972189903259
iuxopnkzzc.mp4,0.8440103530883789
iuxpinrkvu.mp4,0.9805351495742798
iuxpmnchdi.mp4,0.8889121413230896
iuxuegzrfo.mp4,0.8763256669044495
iuzspdkchy.mp4,0.9451220035552979
iuzzbmiabi.mp4,0.7176522612571716
ivarngiehh.mp4,0.9557054042816162
ivbryilmzq.mp4,0.9760382175445557
ivbsetowvs.mp4,0.8803092241287231
ivbyvtqgzd.mp4,0.965331494808197
ivdewyemli.mp4,0.6376428008079529
ivdoqanbyx.mp4,0.9380804896354675
iverjmtcbg.mp4,0.06783485412597656
ivewzkxtuu.mp4,0.8711410760879517
ivexyynvqc.mp4,0.20398658514022827
ivfizuthsm.mp4,0.89072585105896
ivfrhdfujz.mp4,0.9723653197288513
ivfwhnosla.mp4,0.9113325476646423
ivgaqlclhh.mp4,0.9555373787879944
ivgbyeslaz.mp4,0.1063300222158432
ivgunqqypz.mp4,0.6577697992324829
ivhkxdvvgc.mp4,0.9243872165679932
ivhowmrwtd.mp4,0.865044116973877
ivhyxzrfbf.mp4,0.7740170955657959
ivilahinci.mp4,0.9439027309417725
ivindnrfyd.mp4,0.8767639994621277
ivjzfgjjmd.mp4,0.9261966943740845
ivkdoukoga.mp4,0.8768481016159058
ivkrzgwlst.mp4,0.9588363170623779
ivkvvdfcdr.mp4,0.8060948848724365
ivlblicoqn.mp4,0.16859877109527588
ivlfunutyu.mp4,0.9297334551811218
ivliztuflk.mp4,0.7934076189994812
ivlrwjxjko.mp4,0.7534763216972351
ivlxblgscs.mp4,0.9826490879058838
ivlxyjtbza.mp4,0.04850919172167778
ivmnlzrcpl.mp4,0.8947221040725708
ivngiaholz.mp4,0.9636480808258057
ivnnzevjef.mp4,0.5400446653366089
ivofslwmml.mp4,0.922747015953064
ivojdfsuih.mp4,0.49219194054603577
ivpqdcully.mp4,0.24186187982559204
ivpufxwmth.mp4,0.7828362584114075
ivrgztqnvy.mp4,0.8774318099021912
ivrmpnijrq.mp4,0.09708351641893387
ivrpwqfdob.mp4,0.943584680557251
ivssyazqtr.mp4,0.23817592859268188
ivtlhlvgvf.mp4,0.9634695053100586
ivuvppfhap.mp4,0.6001705527305603
ivuxnysacw.mp4,0.9069225192070007
ivuxvfquuw.mp4,0.8351806998252869
ivxbutvlwk.mp4,0.8726420402526855
ivxhxfpwus.mp4,0.9376257658004761
ivywzqwzjw.mp4,0.9004934430122375
ivyyfovazh.mp4,0.9410537481307983
ivzevsvsgw.mp4,0.9059890508651733
ivzpsahjfw.mp4,0.9146649241447449
iwaikfiivj.mp4,0.9225115180015564
iwanjxbuqq.mp4,0.04414284974336624
iwbdixywrr.mp4,0.9647954702377319
iwbmnvxovh.mp4,0.8286893963813782
iwbsozjcfr.mp4,0.7958545088768005
iwbsxnzpmc.mp4,0.9693465828895569
iwceuiykdi.mp4,0.9203997850418091
iwcfxyoimw.mp4,0.96872878074646
iwckkslbpn.mp4,0.8166005611419678
iwclmdjwvc.mp4,0.8778689503669739
iwdvdzvhwn.mp4,0.9369949698448181
iweobhwprt.mp4,0.053506311029195786
iwezcnpomx.mp4,0.8028925657272339
iwffazkchq.mp4,0.6258167028427124
iwfrjkhocp.mp4,0.6036284565925598
iwfuqlozsg.mp4,0.8952907919883728
iwfxiijzfc.mp4,0.962384819984436
iwgchcxyfo.mp4,0.14962910115718842
iwgzfwanql.mp4,0.9067391753196716
iwhqfmxbfl.mp4,0.8879997134208679
iwicbrflbu.mp4,0.9573624730110168
iwitbkehiq.mp4,0.6737521886825562
iwjadqnimm.mp4,0.945685863494873
iwjvhmsdzk.mp4,0.9263760447502136
iwkdyefcry.mp4,0.4558837413787842
iwkkadozkq.mp4,0.6226692199707031
iwkwpivdty.mp4,0.8328849077224731
iwlcgjhuyz.mp4,0.8744103312492371
iwljtmarck.mp4,0.9726366996765137
iwlqewbjeo.mp4,0.9619158506393433
iwmafsriju.mp4,0.7934192419052124
iwnfvkmktq.mp4,0.4106288254261017
iwnwcdanvb.mp4,0.9690398573875427
iwozkvydbl.mp4,0.9767721891403198
iwqcdlurfz.mp4,0.41737791895866394
iwquwreibp.mp4,0.7645395994186401
iwqwiezecx.mp4,0.8556171655654907
iwrhhiwljg.mp4,0.9569162130355835
iwrkkcfcob.mp4,0.03530469164252281
iwrwdtvmiw.mp4,0.9502232074737549
iwswdyproy.mp4,0.9512738585472107
iwtrhnpwnb.mp4,0.8579719066619873
iwunoavlgg.mp4,0.8469976186752319
iwviwwoqkf.mp4,0.8696994185447693
iwvynfufaq.mp4,0.9523251056671143
iwwogruzra.mp4,0.8908363580703735
iwwqxjoxfp.mp4,0.15790225565433502
iwwvnksime.mp4,0.7847067713737488
iwwwgbxelv.mp4,0.8608262538909912
iwxjlxfpjo.mp4,0.9281629323959351
iwxzxemnjl.mp4,0.9807696342468262
iwyurlgxiq.mp4,0.8948505520820618
iwzbgmtsuh.mp4,0.05053071677684784
iwznmctsoz.mp4,0.773446261882782
iwzqtwchox.mp4,0.942703366279602
iwzxofazow.mp4,0.5611815452575684
ixaapzynwh.mp4,0.9676556587219238
ixbbqxbrci.mp4,0.914520263671875
ixbezghtef.mp4,0.9386409521102905
ixbgenntvc.mp4,0.9470012784004211
ixbshqefra.mp4,0.9095034003257751
ixcguszlsk.mp4,0.7538929581642151
ixcrtusrfi.mp4,0.4915384352207184
ixcsuxxhzj.mp4,0.889660120010376
ixdllrcaga.mp4,0.9439173340797424
ixdpdwwjvr.mp4,0.9104111194610596
ixegidgqza.mp4,0.7371365427970886
ixesiknxjz.mp4,0.9356427192687988
ixewjgjdwm.mp4,0.9436155557632446
ixfdzrarsa.mp4,0.705446183681488
ixgbeiekdr.mp4,0.9650343060493469
ixgmwbaxry.mp4,0.8420523405075073
ixhywssact.mp4,0.873216450214386
ixictcnnwq.mp4,0.9548657536506653
ixiemiordj.mp4,0.48485007882118225
iximgngyzc.mp4,0.8921615481376648
ixjhxwgcrt.mp4,0.26757895946502686
ixjimragxn.mp4,0.07976686209440231
ixjqcqqxps.mp4,0.7703651785850525
ixlipbxbyl.mp4,0.14403030276298523
ixlpgpwyoa.mp4,0.8892756104469299
ixlzpzmnam.mp4,0.854058027267456
ixmkyvkxxd.mp4,0.9153376221656799
ixmsvefemy.mp4,0.7510097026824951
ixmvwmgewb.mp4,0.9341104030609131
ixmwxjoqke.mp4,0.9422112107276917
ixnfuudpie.mp4,0.7333711385726929
ixollenxsr.mp4,0.8709562420845032
ixongfpxov.mp4,0.9220188856124878
ixoywiwxzr.mp4,0.9243810772895813
ixpztpmojx.mp4,0.9717681407928467
ixqaiwtldi.mp4,0.10942278802394867
ixqfvxjtsr.mp4,0.7762035131454468
ixrdlekndo.mp4,0.9504048228263855
ixrshvjpui.mp4,0.8102501034736633
ixsabuaykm.mp4,0.8944635391235352
ixsazdvgcm.mp4,0.8354561924934387
ixsldkjafq.mp4,0.6026403903961182
ixsotcyrvg.mp4,0.8211781978607178
ixthjlkjan.mp4,0.9789718389511108
ixtnoobpji.mp4,0.9456759095191956
ixtukgbkmv.mp4,0.9213085174560547
ixtuyddxxz.mp4,0.9387992024421692
ixtydssmam.mp4,0.9190970659255981
ixuijcqeee.mp4,0.9157251715660095
ixuuwiejti.mp4,0.9013211727142334
ixuvnlwtrp.mp4,0.9888322949409485
ixuyfvogbq.mp4,0.9871742129325867
ixvhklaxky.mp4,0.8987853527069092
ixvjylnpra.mp4,0.9768086671829224
ixvkhbcuyq.mp4,0.20616337656974792
ixvvgevgry.mp4,0.9475277066230774
ixvztrxchg.mp4,0.41877734661102295
ixwykebrtz.mp4,0.10571251809597015
ixxcpbrymg.mp4,0.2176750898361206
ixxetzflme.mp4,0.9601525068283081
ixxjxilvck.mp4,0.8894975781440735
ixxwqexyhb.mp4,0.9089193940162659
ixycmrnyks.mp4,0.9366628527641296
ixydhrhngh.mp4,0.9648255705833435
ixypadrkvg.mp4,0.7743632793426514
ixytmqplqt.mp4,0.5089806914329529
ixytzdgbfl.mp4,0.932137131690979
ixyvxquetw.mp4,0.775179922580719
ixzsayotaj.mp4,0.789943516254425
ixzuccwwqs.mp4,0.10291025787591934
ixzzfbjiwu.mp4,0.9539477229118347
iyaaatxftx.mp4,0.6278330683708191
iyathksdmx.mp4,0.958302915096283
iyaxgpepqr.mp4,0.39167261123657227
iybcwvsnru.mp4,0.130620077252388
iybrmlqrzb.mp4,0.8638004660606384
iybuwdyjkm.mp4,0.8018035292625427
iycbbmjief.mp4,0.5608313083648682
iycqbycozc.mp4,0.9790492653846741
iycstoqedl.mp4,0.9352245330810547
iydummdsoa.mp4,0.05385145545005798
iyerbpbkeq.mp4,0.9786533713340759
iyevlxhraf.mp4,0.8842188119888306
iyfdxpvkgk.mp4,0.15461204946041107
iygbhjkhpm.mp4,0.8754990100860596
iyheosista.mp4,0.5159974098205566
iyhqfygtwo.mp4,0.8892471790313721
iyhtjahyzx.mp4,0.8840543627738953
iyiojarsht.mp4,0.9725015163421631
iykatwvtlo.mp4,0.9173159003257751
iylujmtolb.mp4,0.7256077527999878
iymdqozovu.mp4,0.8970195055007935
iymsvbtlnp.mp4,0.9755188822746277
iynaefjhwh.mp4,0.7095940709114075
iynqjtimwc.mp4,0.09238375723361969
iypkckoqsb.mp4,0.9729765057563782
iyquxriyqd.mp4,0.8848916888237
iyrsthhhwi.mp4,0.6439225077629089
iytyilgihs.mp4,0.0343831367790699
iyvoafuqjf.mp4,0.89080411195755
iyvtqyxizu.mp4,0.9285773038864136
iyvytmjwkb.mp4,0.6334161162376404
iywgtvcdky.mp4,0.9862807393074036
iyxelmxpfx.mp4,0.14590203762054443
iyxutmglzj.mp4,0.8059059381484985
iyxwamcojv.mp4,0.9388061165809631
iyzcmtlqds.mp4,0.8777978420257568
iyzrahjpvo.mp4,0.11764227598905563
iyzruylmxa.mp4,0.8817628026008606
iyzvsvstsw.mp4,0.8790715336799622
izafuvvwwi.mp4,0.7724698781967163
izaoqssyvw.mp4,0.9741983413696289
izappfzldr.mp4,0.9683486819267273
izbbmenvrw.mp4,0.5538591146469116
izbioilrax.mp4,0.923021137714386
izbxdkbfdk.mp4,0.3621596097946167
izcgakoubh.mp4,0.9276367425918579
izcpnmmhfa.mp4,0.9029262661933899
izcsobojgp.mp4,0.4381566047668457
izdxztnzpd.mp4,0.9257960915565491
izdzcdlrpo.mp4,0.8650433421134949
izehsqyemw.mp4,0.8590713143348694
izfdfyundf.mp4,0.4164789617061615
izfojgcokb.mp4,0.41394686698913574
izgghxbita.mp4,0.7021860480308533
izgldriffe.mp4,0.9141890406608582
izgnxrjqfv.mp4,0.9689249396324158
izgutpnsre.mp4,0.25364527106285095
izgxrlqbqk.mp4,0.7586818337440491
izhchgzacx.mp4,0.0778537392616272
izhgevkhba.mp4,0.957883894443512
izkavempcf.mp4,0.5654947757720947
izkdaeizpj.mp4,0.6996593475341797
izkrdjbtol.mp4,0.9320120811462402
izlhutihbf.mp4,0.6895169615745544
izmfhoosyi.mp4,0.17968007922172546
iznuwuxnqc.mp4,0.09601368010044098
iznvkuthdk.mp4,0.7947859168052673
izoywnwvzc.mp4,0.30868199467658997
izozkczrrt.mp4,0.7101147174835205
izpedkituy.mp4,0.9414747357368469
izpffscumm.mp4,0.9356653094291687
izqkhizehl.mp4,0.9147846698760986
izqyarmakg.mp4,0.9394523501396179
izrjasmngs.mp4,0.8813415169715881
izrxqbhkca.mp4,0.9456852674484253
izsejcmijs.mp4,0.8709696531295776
izsvnupcib.mp4,0.8321124911308289
izswzcgmjq.mp4,0.6373850107192993
izsycjuamo.mp4,0.6269245147705078
iztglppzcn.mp4,0.830014705657959
iztvnzwxds.mp4,0.8456822037696838
izujskjynu.mp4,0.9443703889846802
izunrhzmhr.mp4,0.5271050333976746
izushcrwhm.mp4,0.6274284720420837
izuwizilgv.mp4,0.14237312972545624
izvqobjehj.mp4,0.43632739782333374
izxkpunalz.mp4,0.8938807249069214
izybzjtoof.mp4,0.9752944111824036
izycdfyeik.mp4,0.15143291652202606
izyqqybmcq.mp4,0.7526270151138306
izyrzamcqj.mp4,0.9527696967124939
izzizxvfaw.mp4,0.05500459298491478
izzjbktyjr.mp4,0.9080731272697449
izzrixoftl.mp4,0.23068122565746307
jaaeovgdwa.mp4,0.8516489267349243
jaarawxvwo.mp4,0.9363070726394653
jabfulxofx.mp4,0.7831981182098389
jacmgbjhwo.mp4,0.6745330095291138
jaeqgvkwlm.mp4,0.878960371017456
jaeslmfgab.mp4,0.8769271969795227
jafxhlcyqk.mp4,0.9555443525314331
jafxiptxew.mp4,0.9130049347877502
jagflalxhl.mp4,0.8855921626091003
jagrhoufaz.mp4,0.9790732264518738
jahklnwscj.mp4,0.731135368347168
jaiojqyufy.mp4,0.92066890001297
jajjzvhlou.mp4,0.9591018557548523
jakjfxcjqx.mp4,0.9270942807197571
jalbvevoxn.mp4,0.6247113943099976
jalqfjsxyr.mp4,0.9275267124176025
jamhxdptam.mp4,0.19098637998104095
janghqcnuj.mp4,0.2928815186023712
jankpqqcqv.mp4,0.8472728729248047
jannamlrje.mp4,0.8733221888542175
janpjkrxky.mp4,0.9017944931983948
janqvnnppy.mp4,0.9744600057601929
janwsbiojw.mp4,0.8868257403373718
jaocplqkcu.mp4,0.8678232431411743
japautsabs.mp4,0.839840292930603
japkrtsdkj.mp4,0.8996536135673523
japoasbnio.mp4,0.9651871919631958
jaqavnyaii.mp4,0.9707098603248596
jaqgccovpn.mp4,0.9148065447807312
jarcxupfvu.mp4,0.8017258048057556
jaruexfgky.mp4,0.8955848217010498
jascajixzv.mp4,0.9301444888114929
jatpyqmdhn.mp4,0.11290144920349121
jatuhhpdfa.mp4,0.7651005387306213
jauolugbsh.mp4,0.9511662721633911
javooplidl.mp4,0.9605903625488281
javtxnogey.mp4,0.07128633558750153
javxtwhvub.mp4,0.9833865761756897
javyvwvmhd.mp4,0.038364481180906296
jawewhiexm.mp4,0.895267903804779
jawjzasauu.mp4,0.09047024697065353
jaxssdkeyg.mp4,0.7206103801727295
jaymexergk.mp4,0.44930577278137207
jaynqmloow.mp4,0.6520790457725525
jayvasghae.mp4,0.891360342502594
jazbpflrcx.mp4,0.9430184364318848
jazdzntcfc.mp4,0.8541945219039917
jazhgxildx.mp4,0.6526961326599121
jazmkphsnn.mp4,0.87165367603302
jazrfmgzpy.mp4,0.06651046127080917
jazyoeydzn.mp4,0.953698456287384
jbaahohsns.mp4,0.1841176599264145
jbahcovspa.mp4,0.8942920565605164
jbajkblyko.mp4,0.8688718676567078
jbatiwjmzh.mp4,0.771499514579773
jbbzntphpu.mp4,0.9599376916885376
jbcesucwqv.mp4,0.8856915831565857
jbcnsmlysc.mp4,0.044937387108802795
jbcuiqstif.mp4,0.8202752470970154
jbdkulvsti.mp4,0.9272593855857849
jbdqevfnlz.mp4,0.9092353582382202
jbdqpkuyac.mp4,0.7738681435585022
jbebqobxeb.mp4,0.8997060656547546
jbencltszf.mp4,0.9784980416297913
jbfrizzpin.mp4,0.9142147898674011
jbgdikwbwr.mp4,0.11199121177196503
jbgxmoyvla.mp4,0.9218112826347351
jbhoztwgjm.mp4,0.09943082928657532
jbhvifiujz.mp4,0.7435302138328552
jbkaewamsx.mp4,0.8424640893936157
jblifxkahd.mp4,0.9395062327384949
jblkcfejih.mp4,0.9367706179618835
jbmdzelkry.mp4,0.9011561274528503
jbmemsdbvf.mp4,0.6949898600578308
jbnakrsscz.mp4,0.9634665846824646
jbpajntban.mp4,0.8706211447715759
jbplnqxfbw.mp4,0.8834312558174133
jbptmfdsjb.mp4,0.19264715909957886
jbpuqmomvc.mp4,0.8151744604110718
jbqqqhuiir.mp4,0.22984960675239563
jbrjeujfmw.mp4,0.03244393691420555
jbswxonozv.mp4,0.8894113898277283
jbtayvbjbv.mp4,0.9156597852706909
jbtkucyaxo.mp4,0.6216337084770203
jbtuvaqltg.mp4,0.717150092124939
jbtxgmgqke.mp4,0.8823989033699036
jbvktadzia.mp4,0.1096218004822731
jbvqnbkpoo.mp4,0.9427332282066345
jbvwtnekeh.mp4,0.6519436836242676
jbwfkkdeep.mp4,0.6850813031196594
jbwtbfbdko.mp4,0.9424747228622437
jbwtytjdyj.mp4,0.8755890727043152
jbwvahbmfb.mp4,0.8540670871734619
jbxiszwoms.mp4,0.7540565133094788
jbxjqnwwhv.mp4,0.9080055952072144
jbxsnmibxr.mp4,0.0704418197274208
jbxvxjeklv.mp4,0.4326589107513428
jbygwljdyy.mp4,0.9045435190200806
jbysofevrm.mp4,0.9269075989723206
jbzqjborfw.mp4,0.9356471300125122
jbzxmsdlna.mp4,0.09337031096220016
jcaavicbyk.mp4,0.42043206095695496
jcaentwavr.mp4,0.2018125057220459
jcafibbcdx.mp4,0.8453589081764221
jcaoljdnpm.mp4,0.8264158964157104
jcbbrqaaaq.mp4,0.053859636187553406
jcbcsxbmkh.mp4,0.8984602093696594
jcbljxsnkq.mp4,0.8248214721679688
jcbzvzcxzt.mp4,0.9612618684768677
jccdosuaei.mp4,0.07642734795808792
jcckrtvvmw.mp4,0.8384965062141418
jccofuwqrp.mp4,0.9422768950462341
jcdjulohcc.mp4,0.8894821405410767
jcdkxrhcbf.mp4,0.8624764680862427
jcdsliebdg.mp4,0.10156599432229996
jcfbsuwqkj.mp4,0.955428957939148
jcfisfexkt.mp4,0.9803947806358337
jcfkavlnzt.mp4,0.9741473197937012
jcfwrugpmb.mp4,0.8508545756340027
jcglqjqhan.mp4,0.9448924660682678
jcgndflmvj.mp4,0.8029399514198303
jcgnmpdepm.mp4,0.35488927364349365
jchwzgkjbn.mp4,0.9636489152908325
jchzhrmmuk.mp4,0.9067516922950745
jcivzlayyl.mp4,0.9899614453315735
jcjiwnltwv.mp4,0.4284287095069885
jcjlwgqlfv.mp4,0.9077818989753723
jcjzfcpzvb.mp4,0.9509419202804565
jcladjsvks.mp4,0.18880756199359894
jcnreztvlt.mp4,0.9390981197357178
